{"default_fov": 75.0, "default_transition_sec": 2.0, "keyframes": [{"matrix": [-0.05504987727513466, -0.9901133478908825, 0.12901577167269634, 0.10969285909947787, 0.9984836057802816, -0.05458839581774755, 0.007113088643642317, 0.006047749203319222, -4.163336342344337e-17, 0.129211707559159, 0.991617030223688, 0.8431008532268395, 0.0, 0.0, 0.0, 1.0], "fov": 75.0, "aspect": 1.7777777777777777, "override_transition_enabled": false, "override_transition_sec": null}, {"matrix": [-0.05504987727513477, -0.9901133478908825, 0.12901577167269662, 0.1031446495796853, 0.9984836057802816, -0.05458839581774755, 0.007113088643642386, 0.005686723615768633, -9.71445146547012e-17, 0.12921170755915928, 0.9916170302236879, 0.7927712230342435, 0.0, 0.0, 0.0, 1.0], "fov": 75.0, "aspect": 1.7777777777777777, "override_transition_enabled": false, "override_transition_sec": null}, {"matrix": [-0.05504987727513477, -0.9901133478908825, 0.1290157716726965, 0.0969873285744077, 0.9984836057802816, -0.05458839581774755, 0.007113088643642497, 0.0053472490728498625, -2.0816681711721685e-16, 0.1292117075591592, 0.9916170302236879, 0.7454459674455161, 0.0, 0.0, 0.0, 1.0], "fov": 75.0, "aspect": 1.7777777777777777, "override_transition_enabled": false, "override_transition_sec": null}, {"matrix": [-0.05504987727513477, -0.9901133478908825, 0.1290157716726965, 0.0911976033786091, 0.9984836057802816, -0.05458839581774755, 0.007113088643642497, 0.0050280413666438095, -2.0816681711721685e-16, 0.1292117075591592, 0.9916170302236879, 0.7009460584031236, 0.0, 0.0, 0.0, 1.0], "fov": 75.0, "aspect": 1.7777777777777777, "override_transition_enabled": false, "override_transition_sec": null}, {"matrix": [-0.05504987727513477, -0.9901133478908825, 0.1290157716726965, 0.08063436532982489, 0.9984836057802816, -0.05458839581774755, 0.007113088643642497, 0.0044456532784997, -2.0816681711721685e-16, 0.1292117075591592, 0.9916170302236879, 0.6197568626352236, 0.0, 0.0, 0.0, 1.0], "fov": 75.0, "aspect": 1.7777777777777777, "override_transition_enabled": false, "override_transition_sec": null}, {"matrix": [-0.05504987727513477, -0.9901133478908825, 0.1290157716726965, 0.06703860788835972, 0.9984836057802816, -0.05458839581774755, 0.007113088643642497, 0.0036960718389223482, -2.0816681711721685e-16, 0.1292117075591592, 0.9916170302236879, 0.5152596802911179, 0.0, 0.0, 0.0, 1.0], "fov": 75.0, "aspect": 1.7777777777777777, "override_transition_enabled": false, "override_transition_sec": null}, {"matrix": [-0.05504987727513477, -0.9901133478908825, 0.12901577167269662, 0.11645133535157919, 0.9984836057802816, -0.05458839581774755, 0.007113088643642386, -0.002678113649026295, -9.71445146547012e-17, 0.12921170755915928, 0.9916170302236879, 0.4747599037110294, 0.0, 0.0, 0.0, 1.0], "fov": 75.0, "aspect": 1.7777777777777777, "override_transition_enabled": false, "override_transition_sec": null}, {"matrix": [-0.10787461309460833, -0.9941645074376276, 9.941645066435904e-07, 0.08198987693380869, 0.9941645074381248, -0.10787461309455437, 1.0787461297986743e-07, -0.08910944707806956, 2.836088653556052e-17, 9.999999991977247e-07, 0.9999999999995, 0.4198557312122948, 0.0, 0.0, 0.0, 1.0], "fov": 75.0, "aspect": 1.7777777777777777, "override_transition_enabled": false, "override_transition_sec": null}, {"matrix": [-0.049168206564816685, -0.969811238430285, 0.238848590696107, 0.14866732241821537, 0.9987905123013532, -0.04774162220479106, 0.011757977974783063, -0.08582709197978436, -8.326672684688674e-17, 0.23913782495366964, 0.9709856336096987, 0.26140233448424277, 0.0, 0.0, 0.0, 1.0], "fov": 75.0, "aspect": 1.7777777777777777, "override_transition_enabled": false, "override_transition_sec": null}, {"matrix": [-0.07886783889585913, -0.9220095399452857, -0.37904916862826565, -0.05372637469521796, 0.036611571385439134, -0.38265599344229884, 0.9231651983926692, 0.42567565764363025, -0.9962125560484497, 0.05893045844527173, 0.06393546933310496, -0.10772960726628093, 0.0, 0.0, 0.0, 1.0], "fov": 75.0, "aspect": 1.7777777777777777, "override_transition_enabled": false, "override_transition_sec": null}, {"matrix": [0.16675952552291087, -0.5917708555402125, -0.7886688247804517, -0.16603185332112375, -0.9679679416379604, 0.05400852449837426, -0.24519613219355424, -0.05005546182126406, 0.18769476446758981, 0.804294929621413, -0.563808781039053, -0.2687701352796322, 0.0, 0.0, 0.0, 1.0], "fov": 75.0, "aspect": 1.7777777777777777, "override_transition_enabled": false, "override_transition_sec": null}, {"matrix": [0.11722808727749359, -0.7520199853308627, -0.6486320352990822, -0.07887447169255597, 0.1798754667104982, 0.6584110625660321, -0.730848608924139, -0.2822844970545764, 0.9766792677378491, -0.030997005559208757, 0.2124542153439689, -0.00329993559956345, 0.0, 0.0, 0.0, 1.0], "fov": 75.0, "aspect": 1.7777777777777777, "override_transition_enabled": false, "override_transition_sec": null}, {"matrix": [0.0003001808225076563, -0.8568766938594581, -0.5155213297352094, 0.029030716957163943, 0.1694512543864079, 0.508109762084632, -0.8444588456882737, -0.18704275587555674, 0.9855385239950526, -0.08710224563570756, 0.1453513554352699, 0.01384165185724526, 0.0, 0.0, 0.0, 1.0], "fov": 75.0, "aspect": 1.7777777777777777, "override_transition_enabled": false, "override_transition_sec": null}, {"matrix": [-0.09332322008924032, -0.9758737798141807, -0.19738577067093604, 0.07548651648265692, 0.15941292411155883, 0.18104775563445463, -0.9704685619874192, -0.17013785460487135, 0.9827910745516453, -0.1220330940807079, 0.13867093325824076, 0.0013689134978222336, 0.0, 0.0, 0.0, 1.0], "fov": 75.0, "aspect": 1.7777777777777777, "override_transition_enabled": false, "override_transition_sec": null}, {"matrix": [-0.09332322008924032, -0.9758737798141806, -0.1973857706709361, 0.0011723369504981326, 0.15941292411155894, 0.18104775563445474, -0.9704685619874192, -0.07013160799052545, 0.9827910745516453, -0.122033094080708, 0.13867093325824087, -0.15518269822293537, 0.0, 0.0, 0.0, 1.0], "fov": 75.0, "aspect": 1.7777777777777777, "override_transition_enabled": false, "override_transition_sec": null}, {"matrix": [0.2000017883809555, -0.43496156934043195, -0.8779565580604363, -0.04830310744438869, -0.6010674700759223, -0.7621084396938869, 0.2406421047196011, 0.04715307406747256, -0.7737681701006767, 0.47958227588627356, -0.4138643009427032, -0.15072820670328996, 0.0, 0.0, 0.0, 1.0], "fov": 75.0, "aspect": 1.7777777777777777, "override_transition_enabled": false, "override_transition_sec": null}, {"matrix": [0.052669332386457435, -0.8035329497551664, -0.5929255771880027, -0.05413694254975311, -0.27476096295603547, -0.582493605358819, 0.764988635831642, 0.14982199911794902, -0.9600689322446785, 0.12262136181695937, -0.2514590363552628, -0.10063153345820115, 0.0, 0.0, 0.0, 1.0], "fov": 75.0, "aspect": 1.7777777777777777, "override_transition_enabled": false, "override_transition_sec": null}, {"matrix": [-0.32948537476520445, -0.9425719433320278, -0.0547496069311732, 0.08729529678982226, 0.695571014798578, -0.28153799419803893, 0.6609972172369729, 0.2260030771776266, -0.6384515261066495, 0.17970667618714173, 0.7483883746731106, 0.1781710939939966, 0.0, 0.0, 0.0, 1.0], "fov": 75.0, "aspect": 1.7777777777777777, "override_transition_enabled": false, "override_transition_sec": null}], "camera_type": "perspective", "render_height": 1080.0, "render_width": 1920.0, "fps": 30.0, "seconds": 34.0, "is_cycle": false, "smoothness_value": 0.29, "camera_path": [{"camera_to_world": [-0.05504987727513466, -0.9901133478908825, 0.12901577167269634, 0.10969285909947787, 0.9984836057802816, -0.05458839581774755, 0.007113088643642317, 0.006047749203319222, -4.163336342344337e-17, 0.129211707559159, 0.991617030223688, 0.8431008532268395, 0.0, 0.0, 0.0, 1.0], "fov": 75.0, "aspect": 1.7777777777777777}, {"camera_to_world": [-0.05504987727513466, -0.9901133478908825, 0.12901577167269634, 0.10956674577295814, 0.9984836057802816, -0.05458839581774755, 0.007113088643642317, 0.006040796136581339, -4.163336342344337e-17, 0.129211707559159, 0.991617030223688, 0.8421315444307613, 0.0, 0.0, 0.0, 1.0], "fov": 75.0, "aspect": 1.7777777777777777}, {"camera_to_world": [-0.05504987727513466, -0.9901133478908825, 0.12901577167269634, 0.10944066074846867, 0.9984836057802816, -0.05458839581774755, 0.007113088643642317, 0.006033844630232919, -4.163336342344337e-17, 0.129211707559159, 0.991617030223688, 0.841162453164485, 0.0, 0.0, 0.0, 1.0], "fov": 75.0, "aspect": 1.7777777777777777}, {"camera_to_world": [-0.05504987727513466, -0.9901133478908825, 0.12901577167269634, 0.10931463232803991, 0.9984836057802816, -0.05458839581774755, 0.007113088643642317, 0.00602689624466342, -4.163336342344337e-17, 0.129211707559159, 0.991617030223688, 0.8401937969578128, 0.0, 0.0, 0.0, 1.0], "fov": 75.0, "aspect": 1.7777777777777777}, {"camera_to_world": [-0.05504987727513466, -0.9901133478908825, 0.12901577167269634, 0.1091886888137021, 0.9984836057802816, -0.05458839581774755, 0.007113088643642317, 0.006019952540262307, -4.163336342344337e-17, 0.129211707559159, 0.991617030223688, 0.8392257933405464, 0.0, 0.0, 0.0, 1.0], "fov": 75.0, "aspect": 1.7777777777777777}, {"camera_to_world": [-0.05504987727513466, -0.9901133478908825, 0.12901577167269634, 0.10906285850748558, 0.9984836057802816, -0.05458839581774755, 0.007113088643642317, 0.006013015077419041, -4.163336342344337e-17, 0.129211707559159, 0.991617030223688, 0.8382586598424876, 0.0, 0.0, 0.0, 1.0], "fov": 75.0, "aspect": 1.7777777777777777}, {"camera_to_world": [-0.05504987727513466, -0.9901133478908825, 0.1290157716726964, 0.10893716971142069, 0.9984836057802816, -0.05458839581774755, 0.0071130886436423305, 0.006006085416523082, -4.163336342344337e-17, 0.1292117075591591, 0.991617030223688, 0.8372926139934387, 0.0, 0.0, 0.0, 1.0], "fov": 75.0, "aspect": 1.7777777777777777}, {"camera_to_world": [-0.05504987727513466, -0.9901133478908825, 0.1290157716726964, 0.10881165072753776, 0.9984836057802816, -0.05458839581774755, 0.0071130886436423305, 0.005999165117963892, -4.163336342344337e-17, 0.1292117075591591, 0.991617030223688, 0.8363278733232015, 0.0, 0.0, 0.0, 1.0], "fov": 75.0, "aspect": 1.7777777777777777}, {"camera_to_world": [-0.05504987727513466, -0.9901133478908825, 0.1290157716726964, 0.10868632985786708, 0.9984836057802816, -0.05458839581774755, 0.0071130886436423305, 0.005992255742130934, -4.163336342344337e-17, 0.1292117075591591, 0.991617030223688, 0.8353646553615779, 0.0, 0.0, 0.0, 1.0], "fov": 75.0, "aspect": 1.7777777777777777}, {"camera_to_world": [-0.05504987727513466, -0.9901133478908825, 0.1290157716726964, 0.10856123540443903, 0.9984836057802816, -0.05458839581774755, 0.0071130886436423305, 0.005985358849413669, -4.163336342344337e-17, 0.1292117075591591, 0.991617030223688, 0.8344031776383698, 0.0, 0.0, 0.0, 1.0], "fov": 75.0, "aspect": 1.7777777777777777}, {"camera_to_world": [-0.05504987727513466, -0.9901133478908825, 0.1290157716726964, 0.10843639566928387, 0.9984836057802816, -0.05458839581774755, 0.0071130886436423305, 0.0059784760002015574, -4.163336342344337e-17, 0.1292117075591591, 0.991617030223688, 0.8334436576833794, 0.0, 0.0, 0.0, 1.0], "fov": 75.0, "aspect": 1.7777777777777777}, {"camera_to_world": [-0.05504987727513466, -0.9901133478908825, 0.1290157716726964, 0.108311838954432, 0.9984836057802816, -0.05458839581774755, 0.007113088643642358, 0.005971608754884062, -6.938893903907228e-17, 0.1292117075591591, 0.991617030223688, 0.8324863130264083, 0.0, 0.0, 0.0, 1.0], "fov": 75.0, "aspect": 1.7777777777777777}, {"camera_to_world": [-0.05504987727513466, -0.9901133478908825, 0.12901577167269643, 0.10818759356191368, 0.9984836057802816, -0.05458839581774755, 0.007113088643642344, 0.005964758673850643, -5.551115123125783e-17, 0.1292117075591591, 0.991617030223688, 0.8315313611972586, 0.0, 0.0, 0.0, 1.0], "fov": 75.0, "aspect": 1.7777777777777777}, {"camera_to_world": [-0.05504987727513466, -0.9901133478908825, 0.12901577167269643, 0.10806368779375926, 0.9984836057802816, -0.05458839581774755, 0.007113088643642344, 0.005957927317490765, -5.551115123125783e-17, 0.1292117075591591, 0.991617030223688, 0.8305790197257323, 0.0, 0.0, 0.0, 1.0], "fov": 75.0, "aspect": 1.7777777777777777}, {"camera_to_world": [-0.05504987727513466, -0.9901133478908825, 0.12901577167269643, 0.10794014995199905, 0.9984836057802816, -0.05458839581774755, 0.007113088643642344, 0.005951116246193886, -5.551115123125783e-17, 0.1292117075591591, 0.991617030223688, 0.8296295061416314, 0.0, 0.0, 0.0, 1.0], "fov": 75.0, "aspect": 1.7777777777777777}, {"camera_to_world": [-0.05504987727513477, -0.9901133478908825, 0.12901577167269646, 0.10781700833866341, 0.9984836057802816, -0.05458839581774755, 0.007113088643642358, 0.00594432702034947, -6.938893903907228e-17, 0.12921170755915912, 0.9916170302236879, 0.8286830379747577, 0.0, 0.0, 0.0, 1.0], "fov": 75.0, "aspect": 1.7777777777777777}, {"camera_to_world": [-0.05504987727513477, -0.9901133478908825, 0.12901577167269646, 0.10769429125578263, 0.9984836057802816, -0.05458839581774755, 0.007113088643642358, 0.005937561200346977, -6.938893903907228e-17, 0.12921170755915914, 0.9916170302236879, 0.8277398327549133, 0.0, 0.0, 0.0, 1.0], "fov": 75.0, "aspect": 1.7777777777777777}, {"camera_to_world": [-0.05504987727513477, -0.9901133478908825, 0.12901577167269646, 0.10757202700538707, 0.9984836057802816, -0.05458839581774755, 0.007113088643642358, 0.005930820346575869, -6.938893903907228e-17, 0.12921170755915914, 0.9916170302236879, 0.8268001080119, 0.0, 0.0, 0.0, 1.0], "fov": 75.0, "aspect": 1.7777777777777777}, {"camera_to_world": [-0.05504987727513477, -0.9901133478908825, 0.12901577167269646, 0.10745024388950701, 0.9984836057802816, -0.05458839581774755, 0.007113088643642358, 0.005924106019425609, -6.938893903907228e-17, 0.12921170755915914, 0.9916170302236879, 0.8258640812755198, 0.0, 0.0, 0.0, 1.0], "fov": 75.0, "aspect": 1.7777777777777777}, {"camera_to_world": [-0.05504987727513477, -0.9901133478908825, 0.12901577167269646, 0.1073289702101728, 0.9984836057802816, -0.05458839581774755, 0.007113088643642358, 0.005917419779285657, -6.938893903907228e-17, 0.12921170755915914, 0.9916170302236879, 0.8249319700755746, 0.0, 0.0, 0.0, 1.0], "fov": 75.0, "aspect": 1.7777777777777777}, {"camera_to_world": [-0.05504987727513477, -0.9901133478908825, 0.12901577167269646, 0.10720823426941477, 0.9984836057802816, -0.05458839581774755, 0.007113088643642358, 0.005910763186545475, -6.938893903907228e-17, 0.12921170755915914, 0.9916170302236879, 0.8240039919418665, 0.0, 0.0, 0.0, 1.0], "fov": 75.0, "aspect": 1.7777777777777777}, {"camera_to_world": [-0.05504987727513477, -0.9901133478908825, 0.12901577167269648, 0.10708806436926324, 0.9984836057802816, -0.05458839581774755, 0.007113088643642372, 0.005904137801594525, -8.326672684688674e-17, 0.12921170755915914, 0.9916170302236879, 0.8230803644041973, 0.0, 0.0, 0.0, 1.0], "fov": 75.0, "aspect": 1.7777777777777777}, {"camera_to_world": [-0.05504987727513477, -0.9901133478908825, 0.12901577167269648, 0.10696848881174852, 0.9984836057802816, -0.05458839581774755, 0.007113088643642372, 0.005897545184822267, -8.326672684688674e-17, 0.12921170755915914, 0.9916170302236879, 0.8221613049923692, 0.0, 0.0, 0.0, 1.0], "fov": 75.0, "aspect": 1.7777777777777777}, {"camera_to_world": [-0.05504987727513477, -0.9901133478908825, 0.12901577167269648, 0.10684953589890096, 0.9984836057802816, -0.05458839581774755, 0.007113088643642372, 0.005890986896618166, -8.326672684688674e-17, 0.12921170755915914, 0.9916170302236879, 0.8212470312361837, 0.0, 0.0, 0.0, 1.0], "fov": 75.0, "aspect": 1.7777777777777777}, {"camera_to_world": [-0.05504987727513477, -0.9901133478908825, 0.12901577167269648, 0.10673123393275089, 0.9984836057802816, -0.05458839581774755, 0.007113088643642372, 0.00588446449737168, -8.326672684688674e-17, 0.12921170755915914, 0.9916170302236879, 0.8203377606654432, 0.0, 0.0, 0.0, 1.0], "fov": 75.0, "aspect": 1.7777777777777777}, {"camera_to_world": [-0.05504987727513477, -0.9901133478908825, 0.12901577167269648, 0.10661361121532857, 0.9984836057802816, -0.05458839581774755, 0.007113088643642372, 0.005877979547472273, -8.326672684688674e-17, 0.12921170755915914, 0.9916170302236879, 0.8194337108099491, 0.0, 0.0, 0.0, 1.0], "fov": 75.0, "aspect": 1.7777777777777777}, {"camera_to_world": [-0.05504987727513477, -0.9901133478908825, 0.1290157716726965, 0.10649669604866441, 0.9984836057802816, -0.05458839581774755, 0.007113088643642372, 0.005871533607309404, -8.326672684688674e-17, 0.12921170755915917, 0.9916170302236879, 0.8185350991995041, 0.0, 0.0, 0.0, 1.0], "fov": 75.0, "aspect": 1.7777777777777777}, {"camera_to_world": [-0.05504987727513477, -0.9901133478908825, 0.1290157716726965, 0.10638051673478868, 0.9984836057802816, -0.05458839581774755, 0.007113088643642372, 0.005865128237272537, -8.326672684688674e-17, 0.12921170755915917, 0.9916170302236879, 0.8176421433639094, 0.0, 0.0, 0.0, 1.0], "fov": 75.0, "aspect": 1.7777777777777777}, {"camera_to_world": [-0.05504987727513477, -0.9901133478908825, 0.1290157716726965, 0.10626510157573174, 0.9984836057802816, -0.05458839581774755, 0.007113088643642372, 0.005858764997751132, -8.326672684688674e-17, 0.12921170755915917, 0.9916170302236879, 0.8167550608329674, 0.0, 0.0, 0.0, 1.0], "fov": 75.0, "aspect": 1.7777777777777777}, {"camera_to_world": [-0.05504987727513477, -0.9901133478908825, 0.1290157716726965, 0.10615047887352388, 0.9984836057802816, -0.05458839581774755, 0.007113088643642372, 0.005852445449134653, -8.326672684688674e-17, 0.12921170755915917, 0.9916170302236879, 0.81587406913648, 0.0, 0.0, 0.0, 1.0], "fov": 75.0, "aspect": 1.7777777777777777}, {"camera_to_world": [-0.05504987727513477, -0.9901133478908825, 0.1290157716726965, 0.10603667693019544, 0.9984836057802816, -0.05458839581774755, 0.007113088643642372, 0.005846171151812559, -8.326672684688674e-17, 0.12921170755915917, 0.9916170302236879, 0.814999385804249, 0.0, 0.0, 0.0, 1.0], "fov": 75.0, "aspect": 1.7777777777777777}, {"camera_to_world": [-0.05504987727513477, -0.9901133478908825, 0.1290157716726965, 0.10592372404777677, 0.9984836057802816, -0.05458839581774755, 0.007113088643642386, 0.005839943666174312, -9.71445146547012e-17, 0.1292117075591592, 0.9916170302236879, 0.8141312283660765, 0.0, 0.0, 0.0, 1.0], "fov": 75.0, "aspect": 1.7777777777777777}, {"camera_to_world": [-0.05504987727513477, -0.9901133478908825, 0.1290157716726965, 0.10581164852829816, 0.9984836057802816, -0.05458839581774755, 0.007113088643642386, 0.005833764552609375, -9.71445146547012e-17, 0.1292117075591592, 0.9916170302236879, 0.8132698143517644, 0.0, 0.0, 0.0, 1.0], "fov": 75.0, "aspect": 1.7777777777777777}, {"camera_to_world": [-0.05504987727513477, -0.9901133478908825, 0.12901577167269654, 0.10570047867378993, 0.9984836057802816, -0.05458839581774755, 0.007113088643642372, 0.005827635371507208, -8.326672684688674e-17, 0.1292117075591592, 0.9916170302236879, 0.8124153612911146, 0.0, 0.0, 0.0, 1.0], "fov": 75.0, "aspect": 1.7777777777777777}, {"camera_to_world": [-0.05504987727513477, -0.9901133478908825, 0.12901577167269654, 0.10559024278628244, 0.9984836057802816, -0.05458839581774755, 0.007113088643642372, 0.0058215576832572734, -8.326672684688674e-17, 0.1292117075591592, 0.9916170302236879, 0.811568086713929, 0.0, 0.0, 0.0, 1.0], "fov": 75.0, "aspect": 1.7777777777777777}, {"camera_to_world": [-0.05504987727513477, -0.9901133478908825, 0.12901577167269654, 0.105480969167806, 0.9984836057802816, -0.05458839581774755, 0.007113088643642372, 0.005815533048249033, -8.326672684688674e-17, 0.1292117075591592, 0.9916170302236879, 0.8107282081500096, 0.0, 0.0, 0.0, 1.0], "fov": 75.0, "aspect": 1.7777777777777777}, {"camera_to_world": [-0.05504987727513477, -0.9901133478908825, 0.12901577167269654, 0.10537268612039093, 0.9984836057802816, -0.05458839581774755, 0.007113088643642372, 0.005809563026871948, -8.326672684688674e-17, 0.1292117075591592, 0.9916170302236879, 0.8098959431291585, 0.0, 0.0, 0.0, 1.0], "fov": 75.0, "aspect": 1.7777777777777777}, {"camera_to_world": [-0.05504987727513477, -0.9901133478908825, 0.12901577167269654, 0.10526542194606754, 0.9984836057802816, -0.05458839581774755, 0.007113088643642372, 0.005803649179515479, -8.326672684688674e-17, 0.1292117075591592, 0.9916170302236879, 0.8090715091811773, 0.0, 0.0, 0.0, 1.0], "fov": 75.0, "aspect": 1.7777777777777777}, {"camera_to_world": [-0.05504987727513477, -0.9901133478908825, 0.12901577167269657, 0.10515920494686619, 0.9984836057802816, -0.05458839581774755, 0.007113088643642358, 0.005797793066569089, -6.938893903907228e-17, 0.12921170755915923, 0.9916170302236879, 0.8082551238358683, 0.0, 0.0, 0.0, 1.0], "fov": 75.0, "aspect": 1.7777777777777777}, {"camera_to_world": [-0.05504987727513477, -0.9901133478908825, 0.12901577167269657, 0.10505406342481718, 0.9984836057802816, -0.05458839581774755, 0.007113088643642344, 0.00579199624842224, -5.551115123125783e-17, 0.12921170755915923, 0.9916170302236879, 0.8074470046230333, 0.0, 0.0, 0.0, 1.0], "fov": 75.0, "aspect": 1.7777777777777777}, {"camera_to_world": [-0.05504987727513477, -0.9901133478908825, 0.12901577167269657, 0.10495002568195085, 0.9984836057802816, -0.05458839581774755, 0.007113088643642372, 0.005786260285464391, -8.326672684688674e-17, 0.12921170755915923, 0.9916170302236879, 0.8066473690724744, 0.0, 0.0, 0.0, 1.0], "fov": 75.0, "aspect": 1.7777777777777777}, {"camera_to_world": [-0.05504987727513477, -0.9901133478908825, 0.12901577167269657, 0.10484712002029747, 0.9984836057802816, -0.05458839581774755, 0.007113088643642372, 0.005780586738085007, -8.326672684688674e-17, 0.12921170755915923, 0.9916170302236879, 0.8058564347139932, 0.0, 0.0, 0.0, 1.0], "fov": 75.0, "aspect": 1.7777777777777777}, {"camera_to_world": [-0.05504987727513477, -0.9901133478908825, 0.12901577167269657, 0.10474537474188746, 0.9984836057802816, -0.05458839581774755, 0.007113088643642344, 0.005774977166673547, -5.551115123125783e-17, 0.12921170755915923, 0.9916170302236879, 0.805074419077392, 0.0, 0.0, 0.0, 1.0], "fov": 75.0, "aspect": 1.7777777777777777}, {"camera_to_world": [-0.05504987727513477, -0.9901133478908825, 0.12901577167269657, 0.10464481814875108, 0.9984836057802816, -0.05458839581774755, 0.007113088643642344, 0.005769433131619474, -5.551115123125783e-17, 0.12921170755915923, 0.9916170302236879, 0.8043015396924723, 0.0, 0.0, 0.0, 1.0], "fov": 75.0, "aspect": 1.7777777777777777}, {"camera_to_world": [-0.05504987727513477, -0.9901133478908825, 0.12901577167269657, 0.10454547854291867, 0.9984836057802816, -0.05458839581774755, 0.007113088643642386, 0.005763956193312249, -9.71445146547012e-17, 0.12921170755915926, 0.9916170302236879, 0.8035380140890366, 0.0, 0.0, 0.0, 1.0], "fov": 75.0, "aspect": 1.7777777777777777}, {"camera_to_world": [-0.05504987727513477, -0.9901133478908825, 0.12901577167269657, 0.10444738422642057, 0.9984836057802816, -0.05458839581774755, 0.007113088643642386, 0.005758547912141333, -9.71445146547012e-17, 0.12921170755915926, 0.9916170302236879, 0.8027840597968865, 0.0, 0.0, 0.0, 1.0], "fov": 75.0, "aspect": 1.7777777777777777}, {"camera_to_world": [-0.05504987727513477, -0.9901133478908825, 0.1290157716726966, 0.10435056350128706, 0.9984836057802816, -0.05458839581774755, 0.0071130886436424, 0.005753209848496189, -1.1102230246251565e-16, 0.12921170755915926, 0.9916170302236879, 0.8020398943458241, 0.0, 0.0, 0.0, 1.0], "fov": 75.0, "aspect": 1.7777777777777777}, {"camera_to_world": [-0.05504987727513477, -0.9901133478908825, 0.12901577167269657, 0.10425504466954852, 0.9984836057802816, -0.05458839581774755, 0.007113088643642386, 0.005747943562766277, -9.71445146547012e-17, 0.12921170755915926, 0.9916170302236879, 0.8013057352656514, 0.0, 0.0, 0.0, 1.0], "fov": 75.0, "aspect": 1.7777777777777777}, {"camera_to_world": [-0.05504987727513477, -0.9901133478908825, 0.12901577167269657, 0.10416085603323524, 0.9984836057802816, -0.05458839581774755, 0.007113088643642386, 0.00574275061534106, -9.71445146547012e-17, 0.12921170755915926, 0.9916170302236879, 0.80058180008617, 0.0, 0.0, 0.0, 1.0], "fov": 75.0, "aspect": 1.7777777777777777}, {"camera_to_world": [-0.05504987727513477, -0.9901133478908825, 0.12901577167269657, 0.10406802589437755, 0.9984836057802816, -0.05458839581774755, 0.007113088643642386, 0.005737632566609999, -9.71445146547012e-17, 0.12921170755915926, 0.9916170302236879, 0.7998683063371822, 0.0, 0.0, 0.0, 1.0], "fov": 75.0, "aspect": 1.7777777777777777}, {"camera_to_world": [-0.05504987727513477, -0.9901133478908825, 0.1290157716726966, 0.10397658255500579, 0.9984836057802816, -0.05458839581774755, 0.007113088643642372, 0.005732590976962555, -8.326672684688674e-17, 0.12921170755915926, 0.9916170302236879, 0.7991654715484898, 0.0, 0.0, 0.0, 1.0], "fov": 75.0, "aspect": 1.7777777777777777}, {"camera_to_world": [-0.05504987727513477, -0.9901133478908825, 0.1290157716726966, 0.10388655431715028, 0.9984836057802816, -0.05458839581774755, 0.007113088643642372, 0.005727627406788191, -8.326672684688674e-17, 0.12921170755915926, 0.9916170302236879, 0.7984735132498948, 0.0, 0.0, 0.0, 1.0], "fov": 75.0, "aspect": 1.7777777777777777}, {"camera_to_world": [-0.05504987727513477, -0.9901133478908825, 0.1290157716726966, 0.10379796948284134, 0.9984836057802816, -0.05458839581774755, 0.007113088643642372, 0.005722743416476368, -8.326672684688674e-17, 0.12921170755915926, 0.9916170302236879, 0.7977926489711992, 0.0, 0.0, 0.0, 1.0], "fov": 75.0, "aspect": 1.7777777777777777}, {"camera_to_world": [-0.05504987727513477, -0.9901133478908825, 0.1290157716726966, 0.10371085635410929, 0.9984836057802816, -0.05458839581774755, 0.007113088643642372, 0.005717940566416546, -8.326672684688674e-17, 0.12921170755915926, 0.9916170302236879, 0.7971230962422048, 0.0, 0.0, 0.0, 1.0], "fov": 75.0, "aspect": 1.7777777777777777}, {"camera_to_world": [-0.05504987727513477, -0.9901133478908825, 0.1290157716726966, 0.10362524323298446, 0.9984836057802816, -0.05458839581774755, 0.007113088643642372, 0.005713220416998188, -8.326672684688674e-17, 0.12921170755915926, 0.9916170302236879, 0.7964650725927136, 0.0, 0.0, 0.0, 1.0], "fov": 75.0, "aspect": 1.7777777777777777}, {"camera_to_world": [-0.05504987727513477, -0.9901133478908825, 0.1290157716726966, 0.10354115842149716, 0.9984836057802816, -0.05458839581774755, 0.007113088643642372, 0.005708584528610757, -8.326672684688674e-17, 0.12921170755915926, 0.9916170302236879, 0.7958187955525275, 0.0, 0.0, 0.0, 1.0], "fov": 75.0, "aspect": 1.7777777777777777}, {"camera_to_world": [-0.05504987727513477, -0.9901133478908825, 0.1290157716726966, 0.10345863022167774, 0.9984836057802816, -0.05458839581774755, 0.007113088643642372, 0.005704034461643711, -8.326672684688674e-17, 0.12921170755915926, 0.9916170302236879, 0.7951844826514487, 0.0, 0.0, 0.0, 1.0], "fov": 75.0, "aspect": 1.7777777777777777}, {"camera_to_world": [-0.05504987727513477, -0.9901133478908825, 0.12901577167269662, 0.10337768693555652, 0.9984836057802816, -0.05458839581774755, 0.007113088643642386, 0.005699571776486515, -9.71445146547012e-17, 0.12921170755915928, 0.9916170302236879, 0.7945623514192789, 0.0, 0.0, 0.0, 1.0], "fov": 75.0, "aspect": 1.7777777777777777}, {"camera_to_world": [-0.05504987727513477, -0.9901133478908825, 0.12901577167269662, 0.1032983568651638, 0.9984836057802816, -0.05458839581774755, 0.007113088643642386, 0.005695198033528629, -9.71445146547012e-17, 0.12921170755915928, 0.9916170302236879, 0.7939526193858201, 0.0, 0.0, 0.0, 1.0], "fov": 75.0, "aspect": 1.7777777777777777}, {"camera_to_world": [-0.05504987727513477, -0.9901133478908825, 0.12901577167269662, 0.10322066831252993, 0.9984836057802816, -0.05458839581774755, 0.007113088643642386, 0.005690914793159515, -9.71445146547012e-17, 0.12921170755915928, 0.9916170302236879, 0.7933555040808742, 0.0, 0.0, 0.0, 1.0], "fov": 75.0, "aspect": 1.7777777777777777}, {"camera_to_world": [-0.05504987727513477, -0.9901133478908825, 0.12901577167269662, 0.1031446495796853, 0.9984836057802816, -0.05458839581774755, 0.007113088643642386, 0.005686723615768633, -9.71445146547012e-17, 0.12921170755915928, 0.9916170302236879, 0.7927712230342435, 0.0, 0.0, 0.0, 1.0], "fov": 75.0, "aspect": 1.7777777777777777}, {"camera_to_world": [-0.05504987727513477, -0.9901133478908825, 0.12901577167269662, 0.10306804450963777, 0.9984836057802816, -0.05458839581774755, 0.007113088643642386, 0.005682500111566504, -9.71445146547012e-17, 0.12921170755915928, 0.9916170302236879, 0.7921824353916496, 0.0, 0.0, 0.0, 1.0], "fov": 75.0, "aspect": 1.7777777777777777}, {"camera_to_world": [-0.05504987727513477, -0.9901133478908825, 0.12901577167269662, 0.1029886440584358, 0.9984836057802816, -0.05458839581774755, 0.007113088643642386, 0.005678122488269582, -9.71445146547012e-17, 0.12921170755915928, 0.9916170302236879, 0.7915721624103038, 0.0, 0.0, 0.0, 1.0], "fov": 75.0, "aspect": 1.7777777777777777}, {"camera_to_world": [-0.05504987727513477, -0.9901133478908825, 0.12901577167269662, 0.10290654719767027, 0.9984836057802816, -0.05458839581774755, 0.007113088643642386, 0.005673596202526228, -9.71445146547012e-17, 0.12921170755915928, 0.9916170302236879, 0.7909411647872416, 0.0, 0.0, 0.0, 1.0], "fov": 75.0, "aspect": 1.7777777777777777}, {"camera_to_world": [-0.05504987727513477, -0.9901133478908825, 0.12901577167269662, 0.10282185289893213, 0.9984836057802816, -0.05458839581774755, 0.007113088643642386, 0.005668926710984806, -9.71445146547012e-17, 0.12921170755915928, 0.9916170302236879, 0.7902902032194989, 0.0, 0.0, 0.0, 1.0], "fov": 75.0, "aspect": 1.7777777777777777}, {"camera_to_world": [-0.05504987727513477, -0.9901133478908825, 0.12901577167269662, 0.10273466013381224, 0.9984836057802816, -0.05458839581774755, 0.007113088643642386, 0.005664119470293681, -9.71445146547012e-17, 0.12921170755915928, 0.9916170302236879, 0.789620038404111, 0.0, 0.0, 0.0, 1.0], "fov": 75.0, "aspect": 1.7777777777777777}, {"camera_to_world": [-0.05504987727513477, -0.9901133478908825, 0.12901577167269662, 0.10264506787390157, 0.9984836057802816, -0.05458839581774755, 0.007113088643642386, 0.005659179937101215, -9.71445146547012e-17, 0.12921170755915928, 0.9916170302236879, 0.7889314310381137, 0.0, 0.0, 0.0, 1.0], "fov": 75.0, "aspect": 1.7777777777777777}, {"camera_to_world": [-0.05504987727513477, -0.9901133478908825, 0.12901577167269662, 0.10255317509079098, 0.9984836057802816, -0.05458839581774755, 0.007113088643642386, 0.005654113568055771, -9.71445146547012e-17, 0.12921170755915928, 0.9916170302236879, 0.7882251418185423, 0.0, 0.0, 0.0, 1.0], "fov": 75.0, "aspect": 1.7777777777777777}, {"camera_to_world": [-0.05504987727513477, -0.9901133478908825, 0.12901577167269662, 0.10245908075607142, 0.9984836057802816, -0.05458839581774755, 0.007113088643642386, 0.005648925819805714, -9.71445146547012e-17, 0.12921170755915928, 0.9916170302236879, 0.7875019314424326, 0.0, 0.0, 0.0, 1.0], "fov": 75.0, "aspect": 1.7777777777777777}, {"camera_to_world": [-0.05504987727513477, -0.9901133478908825, 0.12901577167269662, 0.10236288384133378, 0.9984836057802816, -0.05458839581774755, 0.007113088643642386, 0.005643622148999406, -9.71445146547012e-17, 0.12921170755915928, 0.9916170302236879, 0.7867625606068203, 0.0, 0.0, 0.0, 1.0], "fov": 75.0, "aspect": 1.7777777777777777}, {"camera_to_world": [-0.05504987727513477, -0.9901133478908825, 0.12901577167269662, 0.10226468331816896, 0.9984836057802816, -0.05458839581774755, 0.007113088643642386, 0.005638208012285211, -9.71445146547012e-17, 0.12921170755915928, 0.9916170302236879, 0.7860077900087405, 0.0, 0.0, 0.0, 1.0], "fov": 75.0, "aspect": 1.7777777777777777}, {"camera_to_world": [-0.05504987727513477, -0.9901133478908825, 0.12901577167269662, 0.10216457815816789, 0.9984836057802816, -0.05458839581774755, 0.007113088643642386, 0.005632688866311491, -9.71445146547012e-17, 0.12921170755915928, 0.9916170302236879, 0.7852383803452293, 0.0, 0.0, 0.0, 1.0], "fov": 75.0, "aspect": 1.7777777777777777}, {"camera_to_world": [-0.05504987727513477, -0.9901133478908825, 0.12901577167269662, 0.10206266733292146, 0.9984836057802816, -0.05458839581774755, 0.007113088643642386, 0.005627070167726611, -9.71445146547012e-17, 0.12921170755915928, 0.9916170302236879, 0.784455092313322, 0.0, 0.0, 0.0, 1.0], "fov": 75.0, "aspect": 1.7777777777777777}, {"camera_to_world": [-0.05504987727513477, -0.9901133478908825, 0.12901577167269662, 0.1019590498140206, 0.9984836057802816, -0.05458839581774755, 0.007113088643642386, 0.005621357373178934, -9.71445146547012e-17, 0.12921170755915928, 0.9916170302236879, 0.7836586866100543, 0.0, 0.0, 0.0, 1.0], "fov": 75.0, "aspect": 1.7777777777777777}, {"camera_to_world": [-0.05504987727513477, -0.9901133478908825, 0.12901577167269662, 0.10185382457305622, 0.9984836057802816, -0.05458839581774755, 0.0071130886436424, 0.0056155559393168235, -1.1102230246251565e-16, 0.12921170755915928, 0.9916170302236879, 0.7828499239324619, 0.0, 0.0, 0.0, 1.0], "fov": 75.0, "aspect": 1.7777777777777777}, {"camera_to_world": [-0.05504987727513477, -0.9901133478908825, 0.12901577167269662, 0.10174709058161921, 0.9984836057802816, -0.05458839581774755, 0.0071130886436424, 0.005609671322788643, -1.1102230246251565e-16, 0.12921170755915928, 0.9916170302236879, 0.7820295649775801, 0.0, 0.0, 0.0, 1.0], "fov": 75.0, "aspect": 1.7777777777777777}, {"camera_to_world": [-0.05504987727513477, -0.9901133478908825, 0.12901577167269662, 0.1016389468113005, 0.9984836057802816, -0.05458839581774755, 0.0071130886436424, 0.005603708980242755, -1.1102230246251565e-16, 0.12921170755915928, 0.9916170302236879, 0.7811983704424447, 0.0, 0.0, 0.0, 1.0], "fov": 75.0, "aspect": 1.7777777777777777}, {"camera_to_world": [-0.05504987727513477, -0.9901133478908825, 0.12901577167269662, 0.10152949223369101, 0.9984836057802816, -0.05458839581774755, 0.0071130886436424, 0.005597674368327523, -1.1102230246251565e-16, 0.12921170755915928, 0.9916170302236879, 0.7803571010240911, 0.0, 0.0, 0.0, 1.0], "fov": 75.0, "aspect": 1.7777777777777777}, {"camera_to_world": [-0.05504987727513477, -0.9901133478908825, 0.12901577167269662, 0.10141882582038161, 0.9984836057802816, -0.05458839581774755, 0.0071130886436424, 0.005591572943691311, -1.1102230246251565e-16, 0.12921170755915928, 0.9916170302236879, 0.779506517419555, 0.0, 0.0, 0.0, 1.0], "fov": 75.0, "aspect": 1.7777777777777777}, {"camera_to_world": [-0.05504987727513477, -0.9901133478908825, 0.12901577167269662, 0.10130704654296326, 0.9984836057802816, -0.05458839581774755, 0.0071130886436424, 0.005585410162982483, -1.1102230246251565e-16, 0.12921170755915928, 0.9916170302236879, 0.7786473803258721, 0.0, 0.0, 0.0, 1.0], "fov": 75.0, "aspect": 1.7777777777777777}, {"camera_to_world": [-0.05504987727513477, -0.9901133478908825, 0.12901577167269662, 0.10119425337302683, 0.9984836057802816, -0.05458839581774755, 0.0071130886436424, 0.005579191482849402, -1.1102230246251565e-16, 0.12921170755915928, 0.9916170302236879, 0.7777804504400778, 0.0, 0.0, 0.0, 1.0], "fov": 75.0, "aspect": 1.7777777777777777}, {"camera_to_world": [-0.05504987727513477, -0.9901133478908825, 0.1290157716726966, 0.10108054528216323, 0.9984836057802816, -0.05458839581774755, 0.007113088643642428, 0.005572922359940429, -1.3877787807814457e-16, 0.12921170755915926, 0.9916170302236879, 0.7769064884592077, 0.0, 0.0, 0.0, 1.0], "fov": 75.0, "aspect": 1.7777777777777777}, {"camera_to_world": [-0.05504987727513477, -0.9901133478908825, 0.1290157716726966, 0.10096602124196341, 0.9984836057802816, -0.05458839581774755, 0.007113088643642428, 0.00556660825090393, -1.3877787807814457e-16, 0.12921170755915926, 0.9916170302236879, 0.7760262550802974, 0.0, 0.0, 0.0, 1.0], "fov": 75.0, "aspect": 1.7777777777777777}, {"camera_to_world": [-0.05504987727513477, -0.9901133478908825, 0.1290157716726966, 0.10085078022401825, 0.9984836057802816, -0.05458839581774755, 0.007113088643642428, 0.005560254612388268, -1.3877787807814457e-16, 0.12921170755915926, 0.9916170302236879, 0.7751405110003826, 0.0, 0.0, 0.0, 1.0], "fov": 75.0, "aspect": 1.7777777777777777}, {"camera_to_world": [-0.05504987727513477, -0.9901133478908825, 0.1290157716726966, 0.10073492119991867, 0.9984836057802816, -0.05458839581774755, 0.007113088643642428, 0.0055538669010418065, -1.3877787807814457e-16, 0.12921170755915926, 0.9916170302236879, 0.7742500169164989, 0.0, 0.0, 0.0, 1.0], "fov": 75.0, "aspect": 1.7777777777777777}, {"camera_to_world": [-0.05504987727513477, -0.9901133478908825, 0.1290157716726966, 0.10061854314125558, 0.9984836057802816, -0.05458839581774755, 0.007113088643642428, 0.005547450573512908, -1.3877787807814457e-16, 0.12921170755915926, 0.9916170302236879, 0.7733555335256816, 0.0, 0.0, 0.0, 1.0], "fov": 75.0, "aspect": 1.7777777777777777}, {"camera_to_world": [-0.05504987727513477, -0.9901133478908825, 0.1290157716726966, 0.10050174501961988, 0.9984836057802816, -0.05458839581774755, 0.007113088643642428, 0.005541011086449935, -1.3877787807814457e-16, 0.12921170755915926, 0.9916170302236879, 0.7724578215249664, 0.0, 0.0, 0.0, 1.0], "fov": 75.0, "aspect": 1.7777777777777777}, {"camera_to_world": [-0.05504987727513477, -0.9901133478908825, 0.12901577167269657, 0.10038462580660248, 0.9984836057802816, -0.05458839581774755, 0.007113088643642428, 0.0055345538965012545, -1.3877787807814457e-16, 0.12921170755915923, 0.9916170302236879, 0.7715576416113892, 0.0, 0.0, 0.0, 1.0], "fov": 75.0, "aspect": 1.7777777777777777}, {"camera_to_world": [-0.05504987727513477, -0.9901133478908825, 0.12901577167269657, 0.10026728447379432, 0.9984836057802816, -0.05458839581774755, 0.007113088643642428, 0.005528084460315226, -1.3877787807814457e-16, 0.12921170755915923, 0.9916170302236879, 0.7706557544819852, 0.0, 0.0, 0.0, 1.0], "fov": 75.0, "aspect": 1.7777777777777777}, {"camera_to_world": [-0.05504987727513477, -0.9901133478908825, 0.12901577167269657, 0.10014981999278627, 0.9984836057802816, -0.05458839581774755, 0.007113088643642428, 0.005521608234540214, -1.3877787807814457e-16, 0.12921170755915923, 0.9916170302236879, 0.7697529208337901, 0.0, 0.0, 0.0, 1.0], "fov": 75.0, "aspect": 1.7777777777777777}, {"camera_to_world": [-0.05504987727513477, -0.9901133478908825, 0.12901577167269657, 0.10003233133516927, 0.9984836057802816, -0.05458839581774755, 0.007113088643642428, 0.005515130675824584, -1.3877787807814457e-16, 0.12921170755915923, 0.9916170302236879, 0.7688499013638396, 0.0, 0.0, 0.0, 1.0], "fov": 75.0, "aspect": 1.7777777777777777}, {"camera_to_world": [-0.05504987727513477, -0.9901133478908825, 0.12901577167269657, 0.09991491747253421, 0.9984836057802816, -0.05458839581774755, 0.007113088643642428, 0.005508657240816697, -1.3877787807814457e-16, 0.12921170755915923, 0.9916170302236879, 0.7679474567691691, 0.0, 0.0, 0.0, 1.0], "fov": 75.0, "aspect": 1.7777777777777777}, {"camera_to_world": [-0.05504987727513477, -0.9901133478908825, 0.12901577167269657, 0.09979767737647202, 0.9984836057802816, -0.05458839581774755, 0.0071130886436424415, 0.005502193386164917, -1.5265566588595902e-16, 0.12921170755915926, 0.9916170302236879, 0.7670463477468143, 0.0, 0.0, 0.0, 1.0], "fov": 75.0, "aspect": 1.7777777777777777}, {"camera_to_world": [-0.05504987727513477, -0.9901133478908825, 0.12901577167269657, 0.09968071001857359, 0.9984836057802816, -0.05458839581774755, 0.007113088643642455, 0.005495744568517607, -1.6653345369377348e-16, 0.12921170755915923, 0.9916170302236879, 0.7661473349938108, 0.0, 0.0, 0.0, 1.0], "fov": 75.0, "aspect": 1.7777777777777777}, {"camera_to_world": [-0.05504987727513477, -0.9901133478908825, 0.12901577167269657, 0.09956411437042985, 0.9984836057802816, -0.05458839581774755, 0.007113088643642455, 0.005489316244523131, -1.6653345369377348e-16, 0.12921170755915923, 0.9916170302236879, 0.7652511792071941, 0.0, 0.0, 0.0, 1.0], "fov": 75.0, "aspect": 1.7777777777777777}, {"camera_to_world": [-0.05504987727513477, -0.9901133478908825, 0.12901577167269657, 0.09944798940363168, 0.9984836057802816, -0.054588395817747