{"default_fov": 75.0, "default_transition_sec": 1.0, "keyframes": [{"matrix": [-0.07602339850540252, -0.9308251689726034, -0.3574702053134129, 0.007003697161576406, 0.9846822870024122, -0.12650287948247807, 0.11999089609774975, -0.007456130582936857, -0.1569115564367013, -0.34287246359217366, 0.9261842350023269, 0.3426699398061267, 0.0, 0.0, 0.0, 1.0], "fov": 75.0, "aspect": 1.7777777777777777, "override_transition_enabled": false, "override_transition_sec": null}, {"matrix": [-0.08811765273815175, -0.901199129703077, -0.4243529284667833, -0.04916685549980569, 0.9779340958503886, -0.15927721580241516, 0.1351875463920907, -0.009069505749906965, -0.18942065211903725, -0.4030767881541273, 0.8953484904785127, 0.2603724088170185, 0.0, 0.0, 0.0, 1.0], "fov": 75.0, "aspect": 1.7777777777777777, "override_transition_enabled": false, "override_transition_sec": null}, {"matrix": [-0.0881176527381522, -0.9011991297030773, -0.42435292846678363, -0.006618692433594591, 0.9779340958503888, -0.15927721580241572, 0.13518754639209088, -0.02262401547480406, -0.1894206521190375, -0.4030767881541276, 0.8953484904785126, 0.17060045797640483, 0.0, 0.0, 0.0, 1.0], "fov": 75.0, "aspect": 1.7777777777777777, "override_transition_enabled": false, "override_transition_sec": null}, {"matrix": [-0.23628657763932837, -0.8147338491099076, -0.5295067594866462, -0.03859088385525857, 0.7693594960503725, -0.4897193865758287, 0.4101961582571347, 0.11363964347200513, -0.593510420350487, -0.31045720723853326, 0.7425373414240115, 0.13287494764661986, 0.0, 0.0, 0.0, 1.0], "fov": 75.0, "aspect": 1.7777777777777777, "override_transition_enabled": false, "override_transition_sec": null}, {"matrix": [-0.22692257118863612, -0.9435938579205558, -0.24111569417966341, 0.030169097138777932, 0.7914417112605858, -0.32294327278297286, 0.5189678797778707, 0.15210332148332895, -0.5675615952141709, -0.07306349196982764, 0.8200826554556074, 0.17380470251868507, 0.0, 0.0, 0.0, 1.0], "fov": 75.0, "aspect": 1.7777777777777777, "override_transition_enabled": false, "override_transition_sec": null}, {"matrix": [-0.3289540948466414, -0.8729909655864301, -0.36010550882775993, -0.012568136705879682, 0.3956417082510513, -0.47365239556868066, 0.7868424536489123, 0.24831400421360317, -0.8574711902891067, 0.11636228846375918, 0.5012015319685883, 0.05927451243681732, 0.0, 0.0, 0.0, 1.0], "fov": 75.0, "aspect": 1.7777777777777777, "override_transition_enabled": false, "override_transition_sec": null}, {"matrix": [-0.3307449691705945, -0.7917001042617307, -0.5136328555303953, -0.06770951083365373, -0.3010443881938019, -0.42731801185719354, 0.8525089988260742, 0.2718990111394743, -0.8944160339044478, 0.4365893512837674, -0.09700359086269483, -0.1555787576264019, 0.0, 0.0, 0.0, 1.0], "fov": 75.0, "aspect": 1.7777777777777777, "override_transition_enabled": false, "override_transition_sec": null}, {"matrix": [-0.3307449872465653, -0.7917001257590741, -0.5136328107552471, -0.02744916165092775, -0.3010442450097081, -0.4273180314240911, 0.852509039580446, 0.20507639064432143, -0.8944160754133416, 0.43658929314964384, -0.09700346977964303, -0.14797524348034796, 0.0, 0.0, 0.0, 1.0], "fov": 75.0, "aspect": 1.7777777777777777, "override_transition_enabled": false, "override_transition_sec": null}, {"matrix": [0.034271116903761716, -0.8801307672671914, -0.47349268532452965, -0.02014342605263668, -0.9983933204317152, -0.008758517730116828, -0.055982730234473255, 0.0813940090046815, 0.04512502923548373, 0.47465052499374377, -0.879016843331037, -0.3720349828220522, 0.0, 0.0, 0.0, 1.0], "fov": 75.0, "aspect": 1.7777777777777777, "override_transition_enabled": false, "override_transition_sec": null}, {"matrix": [0.1753685814683043, -0.8566062550551776, -0.4852541441699795, 0.024831997361768925, -0.8876255289412112, 0.0756416177118055, -0.45431185989557515, -0.1034941443529358, 0.4258717893986761, 0.5103959928039068, -0.7470804170396148, -0.2098380920238209, 0.0, 0.0, 0.0, 1.0], "fov": 75.0, "aspect": 1.7777777777777777, "override_transition_enabled": false, "override_transition_sec": null}, {"matrix": [0.30031960550194886, -0.8450653744340924, -0.44234901094466306, 0.03687876739877476, -0.5577780120186451, 0.22060697707227678, -0.8001351454445434, -0.20059364673510297, 0.7737517843983834, 0.48702882317127794, -0.4051062842523163, -0.11381907610152582, 0.0, 0.0, 0.0, 1.0], "fov": 75.0, "aspect": 1.7777777777777777, "override_transition_enabled": false, "override_transition_sec": null}, {"matrix": [0.32235597700741353, -0.8423537665105594, -0.43188743456260686, -0.01435761387968681, -0.4406006551356294, 0.2702954784517709, -0.8560440508657148, -0.3236695489677521, 0.8378291513080993, 0.46624080299133247, -0.28401025834351057, -0.11544262471614974, 0.0, 0.0, 0.0, 1.0], "fov": 75.0, "aspect": 1.7777777777777777, "override_transition_enabled": false, "override_transition_sec": null}, {"matrix": [-0.08715615144543121, -0.8975108496447265, -0.43229397409080605, -0.00357791979722579, 0.4336043781171469, 0.35650516307452973, -0.8275816044226971, -0.3658322394281231, 0.89687850266514, -0.25957338744795133, 0.35809301582959174, 0.14323001339609445, 0.0, 0.0, 0.0, 1.0], "fov": 75.0, "aspect": 1.7777777777777777, "override_transition_enabled": false, "override_transition_sec": null}, {"matrix": [-0.19966217993517166, -0.7763977701338627, -0.597780491848556, -0.04501038491951101, 0.9796965802304212, -0.16947922069167543, -0.10710464246969328, -0.056503931688667075, -0.01815556631872517, -0.6070282499891654, 0.7944728309556833, 0.3071496243524299, 0.0, 0.0, 0.0, 1.0], "fov": 75.0, "aspect": 1.7777777777777777, "override_transition_enabled": false, "override_transition_sec": null}, {"matrix": [-0.19966217993517166, -0.7763977701338626, -0.5977804918485561, 0.019838819977819, 0.9796965802304213, -0.16947922069167554, -0.10710464246969323, -0.04634610017223381, -0.018155566318725225, -0.6070282499891656, 0.7944728309556832, 0.14211259025194706, 0.0, 0.0, 0.0, 1.0], "fov": 75.0, "aspect": 1.7777777777777777, "override_transition_enabled": false, "override_transition_sec": null}, {"matrix": [-0.016110757678233223, -0.8854471488985917, -0.4644607518341985, -0.005749269693138719, 0.07250456444464237, -0.46433270310663766, 0.8826880700226871, 0.07515610342921183, -0.9972379513545031, -0.019454750911766905, 0.07167971153147262, 0.023686959984435547, 0.0, 0.0, 0.0, 1.0], "fov": 75.0, "aspect": 1.7777777777777777, "override_transition_enabled": false, "override_transition_sec": null}, {"matrix": [-0.01611075767823289, -0.8854470416116995, -0.46446095636568036, -0.01946449984082792, 0.07250456444464226, -0.4643329070007933, 0.8826879627653734, 0.14177721544914662, -0.9972379513545029, -0.019454767469229695, 0.07167970703757257, -0.0804086842418463, 0.0, 0.0, 0.0, 1.0], "fov": 75.0, "aspect": 1.7777777777777777, "override_transition_enabled": false, "override_transition_sec": null}, {"matrix": [0.12991984183185473, -0.8696599672195359, -0.4762482295128263, -0.028810220533280993, -0.6425298175194737, -0.43966475654136533, 0.6275749640113234, 0.1454078811082889, -0.7551663845119019, 0.22446924794086567, -0.6159036356704549, -0.21059757899061332, 0.0, 0.0, 0.0, 1.0], "fov": 75.0, "aspect": 1.7777777777777777, "override_transition_enabled": false, "override_transition_sec": null}, {"matrix": [0.1411374595048115, -0.5566903083525149, -0.8186428513771498, -0.12211850634005843, -0.6972345706292781, -0.6429405631906647, 0.3170037629484511, 0.06753258755167402, -0.7028116184611168, 0.5260449912226648, -0.47888672581896946, -0.15658297000338406, 0.0, 0.0, 0.0, 1.0], "fov": 75.0, "aspect": 1.7777777777777777, "override_transition_enabled": false, "override_transition_sec": null}, {"matrix": [0.1411374595048115, -0.5566903083525149, -0.8186428513771498, -0.0978071828318956, -0.6972345706292781, -0.6429405631906647, 0.3170037629484511, -0.05096697460629548, -0.7028116184611168, 0.5260449912226648, -0.47888672581896946, -0.034139577922274435, 0.0, 0.0, 0.0, 1.0], "fov": 75.0, "aspect": 1.7777777777777777, "override_transition_enabled": false, "override_transition_sec": null}, {"matrix": [-0.18773679427421963, -0.9490740912341222, -0.2530084295508047, 0.025076509511762195, 0.923493277913706, -0.08282285334247075, -0.3745671376568029, -0.17692519827957956, 0.33453708572270136, -0.3039716176098301, 0.8920124404759303, 0.28254010375855776, 0.0, 0.0, 0.0, 1.0], "fov": 75.0, "aspect": 1.7777777777777777, "override_transition_enabled": false, "override_transition_sec": null}], "camera_type": "perspective", "render_height": 1080.0, "render_width": 1920.0, "fps": 24.0, "seconds": 20.0, "is_cycle": false, "smoothness_value": 0.0, "camera_path": [{"camera_to_world": [-0.07602339850540252, -0.9308251689726034, -0.3574702053134129, 0.007003697161576406, 0.9846822870024122, -0.12650287948247807, 0.11999089609774975, -0.007456130582936857, -0.1569115564367013, -0.34287246359217366, 0.9261842350023269, 0.3426699398061267, 0.0, 0.0, 0.0, 1.0], "fov": 75.0, "aspect": 1.7777777777777777}, {"camera_to_world": [-0.07683903623563182, -0.929145180241951, -0.3616420834796906, 0.003636722789556902, 0.9843008137606464, -0.12849562663288072, 0.12099909903116042, -0.007399183679252885, -0.1588951558119647, -0.3466671429042209, 0.9244318371248991, 0.3393185993839571, 0.0, 0.0, 0.0, 1.0], "fov": 75.0, "aspect": 1.7777777777777777}, {"camera_to_world": [-0.07762294085943966, -0.9274939589010496, -0.3656906277912936, 0.00028046008374047886, 0.9839257094253502, -0.1304358801990504, 0.1219699942138249, -0.007343532471592994, -0.16082561171701926, -0.3503447407322643, 0.9227099681140815, 0.3359664479353279, 0.0, 0.0, 0.0, 1.0], "fov": 75.0, "aspect": 1.7777777777777777}, {"camera_to_world": [-0.07837584620621285, -0.9258731308702814, -0.36961624999981135, -0.0030543792896697815, 0.9835573571908798, -0.1323232865837507, 0.12290432434771013, -0.007290472655981264, -0.16270264855604719, -0.35390605160146327, 0.9210202792516079, 0.33261267443377956, 0.0, 0.0, 0.0, 1.0], "fov": 75.0, "aspect": 1.7777777777777777}, {"camera_to_world": [-0.079098467437414, -0.9242842701660798, -0.3734193626107375, -0.0063570836644708, 0.9831961280626753, -0.13415750839733687, 0.1238028137934747, -0.007241299928441777, -0.16452600466678705, -0.35735185862700586, 0.9193643689659768, 0.3292564678528525, 0.0, 0.0, 0.0, 1.0], "fov": 75.0, "aspect": 1.7777777777777777}, {"camera_to_world": [-0.07979150078283792, -0.922728899249121, -0.37710037774222294, -0.009616941374459492, 0.982842380935456, -0.1359382239468263, 0.12466616825468681, -0.007197309984998611, -0.16629543180720807, -0.3606829324499391, 0.91774378319843, 0.3258970171660871, 0.0, 0.0, 0.0, 1.0], "fov": 75.0, "aspect": 1.7777777777777777}, {"camera_to_world": [-0.08045562328976585, -0.9212084893732053, -0.3806597060207352, -0.012823240753432785, 0.9824964626716906, -0.13766512673783338, 0.1254950744765384, -0.0071597985216758486, -0.1680106946556407, -0.3639000302102124, 0.9161600157692626, 0.3225335113470238, 0.0, 0.0, 0.0, 1.0], "fov": 75.0, "aspect": 1.7777777777777777}, {"camera_to_world": [-0.08109149258454973, -0.9197244609337949, -0.38409775551342484, -0.01596527013518759, 0.9821587081801022, -0.1393379249895912, 0.12629019995862006, -0.00713006123449757, -0.16967157032456281, -0.36700389455649635, 0.9146145087434164, 0.319165139369203, 0.0, 0.0, 0.0, 1.0], "fov": 75.0, "aspect": 1.7777777777777777}, {"camera_to_world": [-0.08169974664623292, -0.9182781838151988, -0.387414930697052, -0.01903231785352083, 0.9818294404939742, -0.14095634116334643, 0.12705219268132245, -0.007109393819487856, -0.1712778478882513, -0.369995252692386, 0.9131086527943246, 0.3157910902061651, 0.0, 0.0, 0.0, 1.0], "fov": 75.0, "aspect": 1.7777777777777777}, {"camera_to_world": [-0.08228100359175161, -0.9168709777354492, -0.3906116314632415, -0.022013672242229422, 0.9815089708490247, -0.14252011150430832, 0.1277816808454474, -0.007099091972670788, -0.1728293279244656, -0.3728748154585404, 0.9116437875650428, 0.3124105528314506, 0.0, 0.0, 0.0, 1.0], "fov": 75.0, "aspect": 1.7777777777777777}, {"camera_to_world": [-0.08283586147235544, -0.9155041125879058, -0.39368825215995984, -0.024898621635110287, 0.981197598760627, -0.14402898559743516, 0.12847927262462866, -0.007100451390070444, -0.1743258220703765, -0.37564327645041806, 0.9102212020256847, 0.3090227162185998, 0.0, 0.0, 0.0, 1.0], "fov": 75.0, "aspect": 1.7777777777777777}, {"camera_to_world": [-0.08336489808080583, -0.9141788087787452, -0.3966451806688836, -0.027676454365960335, 0.9808956121001775, -0.14548272593718004, 0.12914555593014285, -0.007114767767710905, -0.1757671525928412, -0.3783013111710847, 0.908842134826309, 0.30562676934115324, 0.0, 0.0, 0.0, 1.0], "fov": 75.0, "aspect": 1.7777777777777777}, {"camera_to_world": [-0.08386867076902049, -0.912896237559412, -0.39948279751862525, -0.030336458768576508, 0.9806032871703921, -0.14688110751148786, 0.12978109818775532, -0.007143336801616255, -0.17715315197325374, -0.3808495762188374, 0.907507774644313, 0.3022219011726512, 0.0, 0.0, 0.0, 1.0], "fov": 75.0, "aspect": 1.7777777777777777}, {"camera_to_world": [-0.08434771627574922, -0.9116575213532605, -0.402201475033465, -0.0328679231767557, 0.9803208887793513, -0.14822391740013707, 0.13038644612619826, -0.007187454187810571, -0.178483662507044, -0.3832887085091166, 0.9062192605255557, 0.29880730068663425, 0.0, 0.0, 0.0, 1.0], "fov": 75.0, "aspect": 1.7777777777777777}, {"camera_to_world": [-0.08480255056395092, -0.9104637340755553, -0.4048015765174904, -0.03526013592429485, 0.9800486703130937, -0.14951095438765583, 0.13096212557693823, -0.007248415622317937, -0.1797585359180085, -0.3856193245304097, 0.9049776822183653, 0.2953821568566427, 0.0, 0.0, 0.0, 1.0], "fov": 75.0, "aspect": 1.7777777777777777}, {"camera_to_world": [-0.08523366866751558, -0.9093159014461003, -0.4072834554738775, -0.037502385344990855, 0.9797868738065916, -0.15074202859094443, 0.13150864128487016, -0.00732751680116243, -0.18097763298756558, -0.3878420196337068, 0.9037840804996874, 0.2919456586562171, 0.0, 0.0, 0.0, 1.0], "fov": 75.0, "aspect": 1.7777777777777777}, {"camera_to_world": [-0.0856415445470079, -0.908215001293755, -0.40964745485916076, -0.03958395977264066, 0.9795357300129314, -0.15191696110177955, 0.1320264767296117, -0.007426053420368133, -0.18214082319907612, -0.38995736735518377, 0.9026394474926172, 0.28849699505889764, 0.0, 0.0, 0.0, 1.0], "fov": 75.0, "aspect": 1.7777777777777777}, {"camera_to_world": [-0.08602663095408503, -0.9071619638521603, -0.4118939063722379, -0.04149414754104116, 0.9792954584705341, -0.15303558364429526, 0.132516093957061, -0.0075453211759591255, -0.18324798439730886, -0.39196591877169895, 0.9015447269746419, 0.2850353550382249, 0.0, 0.0, 0.0, 1.0], "fov": 75.0, "aspect": 1.7777777777777777}, {"camera_to_world": [-0.08638935930432945, -0.9061576720460065, -0.4140231297779746, -0.04322223698398929, 0.9790662675682698, -0.1540977382476434, 0.13297793342091752, -0.007686615763959489, -0.18429900246318384, -0.39386820188880817, 0.9005008146758959, 0.28155992756773934, 0.0, 0.0, 0.0, 1.0], "fov": 75.0, "aspect": 1.7777777777777777}, {"camera_to_world": [-0.08673013955815612, -0.9052029617672225, -0.416035432265176, -0.044757516435281974, 0.9788483546083077, -0.1551032769338926, 0.13341241383386185, -0.007851232880393303, -0.18529377100386318, -0.3956647210609222, 0.8995085585668158, 0.2780699016209812, 0.0, 0.0, 0.0, 1.0], "fov": 75.0, "aspect": 1.7777777777777777}, {"camera_to_world": [-0.08704936010953457, -0.904298622140511, -0.4179311078387131, -0.046089274228716115, 0.9786419058665726, -0.15605206142129835, 0.13381993202810205, -0.008040468221284649, -0.1862321910582676, -0.3973559564432586, 0.898568759134603, 0.2745644661714911, 0.0, 0.0, 0.0, 1.0], "fov": 75.0, "aspect": 1.7777777777777777}, {"camera_to_world": [-0.08734738768227046, -0.9034453957776386, -0.41971043674570324, -0.04720679869808862, 0.9784470966506694, -0.1569439628430861, 0.1342008628250334, -0.008255617482657608, -0.18711417081813603, -0.3989423634753444, 0.8976821696478925, 0.2710428101928094, 0.0, 0.0, 0.0, 1.0], "fov": 75.0, "aspect": 1.7777777777777777}, {"camera_to_world": [-0.08762456723356116, -0.9026439790199962, -0.4213736849354499, -0.04809937817719645, 0.9782640913551556, -0.15777886148177656, 0.13455555891372928, -0.00849797636053626, -0.18793962536464415, -0.4004243723956661, 0.8968494964091434, 0.2675041226584764, 0.0, 0.0, 0.0, 1.0], "fov": 75.0, "aspect": 1.7777777777777777}, {"camera_to_world": [-0.08788122186462777, -0.9018950221688751, -0.42292110355311524, -0.0487563009998365, 0.9780930435140363, -0.1585566465192335, 0.13488435073804758, -0.008768840550944684, -0.18870847642072114, -0.4018023877873047, 0.896071398994182, 0.2639475925420326, 0.0, 0.0, 0.0, 1.0], "fov": 75.0, "aspect": 1.7777777777777777}, {"camera_to_world": [-0.08811765273815175, -0.901199129703077, -0.4243529284667833, -0.04916685549980569, 0.9779340958503886, -0.15927721580241516, 0.1351875463920907, -0.009069505749906965, -0.18942065211903725, -0.4030767881541273, 0.8953484904785127, 0.2603724088170185, 0.0, 0.0, 0.0, 1.0], "fov": 75.0, "aspect": 1.7777777777777777}, {"camera_to_world": [-0.08817747126406283, -0.9006300074925899, -0.4255470868956489, -0.04922084669679645, 0.977877534935369, -0.15961924030939678, 0.135193286785171, -0.00953043431260182, -0.18968463361643673, -0.4042119341718508, 0.8947806725912499, 0.25673162512927655, 0.0, 0.0, 0.0, 1.0], "fov": 75.0, "aspect": 1.7777777777777777}, {"camera_to_world": [-0.08793239905056505, -0.9002490591300338, -0.4264030074151692, -0.04884028424419324, 0.9779979993227237, -0.15931670592325997, 0.13467776555360222, -0.010257822119886703, -0.1891766542625219, -0.4051787491333302, 0.8944508788820034, 0.25298744704454057, 0.0, 0.0, 0.0, 1.0], "fov": 75.0, "aspect": 1.7777777777777777}, {"camera_to_world": [-0.08742406212213338, -0.9000377080965544, -0.4269533433132566, -0.04806276342633101, 0.9782707599438761, -0.15845273176988772, 0.1337125724585825, -0.01121656515630379, -0.18799828084558917, -0.40598627538250875, 0.8943331541434326, 0.24915279141618787, 0.0, 0.0, 0.0, 1.0], "fov": 75.0, "aspect": 1.7777777777777777}, {"camera_to_world": [-0.08669325532070493, -0.8999767107763119, -0.42723085041011444, -0.04692587952754471, 0.9786699098062466, -0.15711072960847983, 0.13236852451290862, -0.012371559406395272, -0.18625113992062545, -0.4066425195452902, 0.8944005669587457, 0.24524057509759561, 0.0, 0.0, 0.0, 1.0], "fov": 75.0, "aspect": 1.7777777777777777}, {"camera_to_world": [-0.08578024367101911, -0.900046441338809, -0.4272682450511469, -0.04546722783216931, 0.9791691078517855, -0.15537436760361267, 0.13071596735103322, -0.013687700854703316, -0.1840369746123847, -0.4071550187890649, 0.8946257221041639, 0.2412637149421411, 0.0, 0.0, 0.0, 1.0], "fov": 75.0, "aspect": 1.7777777777777777}, {"camera_to_world": [-0.08472502282860306, -0.9002271335415066, -0.4270980900710458, -0.04372440362453975, 0.979742199826044, -0.1533275336339247, 0.12882503370758958, -0.015129885485770114, -0.1814576875933246, -0.40753131838593726, 0.8949811909464374, 0.23723512780320152, 0.0, 0.0, 0.0, 1.0], "fov": 75.0, "aspect": 1.7777777777777777}, {"camera_to_world": [-0.08356753765633251, -0.900499080322957, -0.42675270706530516, -0.041735002188990976, 0.9803637167137115, -0.15105429600735942, 0.12676585742619623, -0.01666300928413784, -0.17861536776362535, -0.4077793594521794, 0.8954398608524389, 0.23316773053415418, 0.0, 0.0, 0.0, 1.0], "fov": 75.0, "aspect": 1.7777777777777777}, {"camera_to_world": [-0.0823478586854477, -0.900842791652205, -0.4262641140163965, -0.039536618809857975, 0.9810092508605224, -0.14863886094405176, 0.12460874264405278, -0.018251968234348673, -0.17561229995646224, -0.4079077760297256, 0.8959752040980178, 0.22907443998837626, 0.0, 0.0, 0.0, 1.0], "fov": 75.0, "aspect": 1.7777777777777777}, {"camera_to_world": [-0.08110631677264124, -0.9012391107685513, -0.42566398790676085, -0.03716684877147567, 0.9816557095703238, -0.14616552736808563, 0.12242428875510591, -0.019861658320944803, -0.1725509584081181, -0.4079261009427081, 0.896561466337986, 0.22496817301924504, 0.0, 0.0, 0.0, 1.0], "fov": 75.0, "aspect": 1.7777777777777777}, {"camera_to_world": [-0.07988359667076572, -0.9016692886902132, -0.42498365241009883, -0.03466328735817903, 0.9822814457438617, -0.1437186404155697, 0.12028347244925067, -0.02145697552846839, -0.16953398576772707, -0.40784488010760345, 0.8971737743824898, 0.2208618464801378, 0.0, 0.0, 0.0, 1.0], "fov": 75.0, "aspect": 1.7777777777777777}, {"camera_to_world": [-0.07872079048852665, -0.9021150166913531, -0.4242540910879008, -0.03206352985430298, 0.98286626500843, -0.14138254561730523, 0.11825768855828661, -0.02300281584146165, -0.16666416007420318, -0.407675695197457, 0.8977881628157226, 0.21676837722443168, 0.0, 0.0, 0.0, 1.0], "fov": 75.0, "aspect": 1.7777777777777777}, {"camera_to_world": [-0.07765941212285077, -0.9025584163424085, -0.42350598673243933, -0.029405171544182533, 0.9833913087655948, -0.13924154594805582, 0.11641875160937945, -0.02446407524446672, -0.16404435239600332, -0.4074310947528176, 0.8983815188857663, 0.21270068210550397, 0.0, 0.0, 0.0, 1.0], "fov": 75.0, "aspect": 1.7777777777777777}, {"camera_to_world": [-0.07674137370392475, -0.9029819866752943, -0.4227697875936421, -0.026725807712152595, 0.9838388126453047, -0.13737986385078593, 0.11483885989078968, -0.025805649722025807, -0.16177747771155132, -0.40712443398582476, 0.8989314450818874, 0.20867167797673197, 0.0, 0.0, 0.0, 1.0], "fov": 75.0, "aspect": 1.7777777777777777}, {"camera_to_world": [-0.07600892489350264, -0.9033685080690858, -0.4220758012082283, -0.024063033642548137, 0.984191739986363, -0.13588160994296228, 0.11359052346883394, -0.026992435258681093, -0.1599664411029668, -0.4067696236303082, 0.8994160388899614, 0.20469428169149287, 0.0, 0.0, 0.0, 1.0], "fov": 75.0, "aspect": 1.7777777777777777}, {"camera_to_world": [-0.07550455551842172, -0.903700902549498, -0.42145431641779196, -0.021454444619704104, 0.9844332901548862, -0.13483075939377365, 0.11274645695596763, -0.02798932783897474, -0.1587140804427608, -0.4063807882424082, 0.8998135893709807, 0.2007814101031639, 0.0, 0.0, 0.0, 1.0], "fov": 75.0, "aspect": 1.7777777777777777}, {"camera_to_world": [-0.07527086150083528, -0.9039620503549477, -0.42093575391857674, -0.018937635927955464, 0.984546281758506, -0.13431113592728894, 0.11237943691539601, -0.02876122344744894, -0.15812310547298972, -0.40597183434814765, 0.9001021904381624, 0.19694598006512232, 0.0, 0.0, 0.0, 1.0], "fov": 75.0, "aspect": 1.7777777777777777}, {"camera_to_world": [-0.07535037336282568, -0.9041345628426665, -0.4205508453295313, -0.016550202851637146, 0.9845124111165275, -0.13440640205791954, 0.1125621225962199, -0.02927301806864587, -0.15829603150933486, -0.40555592876833335, 0.9002592710154393, 0.19320090843074536, 0.0, 0.0, 0.0, 1.0], "fov": 75.0, "aspect": 1.7777777777777777}, {"camera_to_world": [-0.07578534573726015, -0.9042005120932939, -0.42033084029334405, -0.01432974067508413, 0.9843113867167463, -0.13520005250327427, 0.11336683722706334, -0.029489607687107726, -0.15933510395151335, -0.4051448873345641, 0.900261042651199, 0.1895591120534103, 0.0, 0.0, 0.0, 1.0], "fov": 75.0, "aspect": 1.7777777777777777}, {"camera_to_world": [-0.07661750531285438, -0.904141117929046, -0.4203077405302563, -0.012313844682631348, 0.9839199408526798, -0.1367754057463917, 0.1148653053596628, -0.029375888287376674, -0.16134220734852178, -0.40474847405879677, 0.9000818656516651, 0.18603350778649436, 0.0, 0.0, 0.0, 1.0], "fov": 75.0, "aspect": 1.7777777777777777}, {"camera_to_world": [-0.07788775348743837, -0.9039363934992313, -0.42051455903961643, -0.010540110158613798, 0.9833107202300098, -0.13921558643640652, 0.11712833975561635, -0.02889675585399489, -0.1644187499569915, -0.4043736106631718, 0.8996935354118145, 0.18263701248337477, 0.0, 0.0, 0.0, 1.0], "fov": 75.0, "aspect": 1.7777777777777777}, {"camera_to_world": [-0.07963581871262759, -0.9035647511268866, -0.4209856017715766, -0.009046132387366396, 0.9824510581151215, -0.14260348872579776, 0.12022546906420928, -0.028017106371504542, -0.1686655115500718, -0.40402349625267864, 0.8990644913960925, 0.17938254299742878, 0.0, 0.0, 0.0, 1.0], "fov": 75.0, "aspect": 1.7777777777777777}, {"camera_to_world": [-0.08189985210431405, -0.9030025707737062, -0.42175676805638684, -0.007869506653224084, 0.9813016316488834, -0.14702170774638856, 0.12422449506669009, -0.026701835824447857, -0.17418243869153435, -0.40369663687899715, 0.8981589522039275, 0.17628301618203362, 0.0, 0.0, 0.0, 1.0], "fov": 75.0, "aspect": 1.7777777777777777}, {"camera_to_world": [-0.08471595839356427, -0.9022237342992855, -0.42286586485611766, -0.0070478282405218255, 0.979815009364274, -0.15255242323090967, 0.1291909655930518, -0.02491584019736696, -0.18106836780052882, -0.4033857848678234, 0.8969359814103918, 0.1733513488905666, 0.0, 0.0, 0.0, 1.0], "fov": 75.0, "aspect": 1.7777777777777777}, {"camera_to_world": [-0.0881176527381522, -0.9011991297030773, -0.42435292846678363, -0.006618692433594591, 0.9779340958503888, -0.15927721580241572, 0.13518754639209088, -0.02262401547480406, -0.1894206521190375, -0.4030767881541276, 0.8953484904785126, 0.17060045797640483, 0.0, 0.0, 0.0, 1.0], "fov": 75.0, "aspect": 1.7777777777777777}, {"camera_to_world": [-0.09232412509855104, -0.8997657603984585, -0.4264948209994709, -0.006608837722918667, 0.9755098547970308, -0.16761047679876462, 0.14243332215870794, -0.019731534158220317, -0.19964162671813368, -0.4028998690516967, 0.8932048569054374, 0.16796730454650816, 0.0, 0.0, 0.0, 1.0], "fov": 75.0, "aspect": 1.7777777777777777}, {"camera_to_world": [-0.09745328028946065, -0.8977983625044753, -0.4294891831526222, -0.006994584254479734, 0.9724126144185951, -0.17779211122045735, 0.15100884910284298, -0.016202795811119174, -0.21193528606727222, -0.4029243917561399, 0.8903568773517325, 0.1653840881286014, 0.0, 0.0, 0.0, 1.0], "fov": 75.0, "aspect": 1.7777777777777777}, {"camera_to_world": [-0.10338217044617337, -0.8953203820139306, -0.4332592069238318, -0.007737899795876831, 0.9686029535960228, -0.18964007143248285, 0.16076368244147593, -0.01209153701110644, -0.22609830852728485, -0.4030360490793747, 0.8868153686216701, 0.1628565832072095, 0.0, 0.0, 0.0, 1.0], "fov": 75.0, "aspect": 1.7777777777777777}, {"camera_to_world": [-0.10998635139359769, -0.8923551642948407, -0.4377273846396317, -0.008800752114709025, 0.9640411876514293, -0.20297006533468465, 0.17154515758148253, -0.007451494335787753, -0.24192476313669484, -0.40311960177391754, 0.8825910693219665, 0.1603905642668574, 0.0, 0.0, 0.0, 1.0], "fov": 75.0, "aspect": 1.7777777777777777}, {"camera_to_world": [-0.11714163616985163, -0.8889280620014777, -0.44281456351586634, -0.010145108978575328, 0.958691860815114, -0.21759512065242548, 0.18320010773771553, -0.0023364043627689983, -0.25920600510463543, -0.40306235752616926, 0.877697546346771, 0.15799180579207014, 0.0, 0.0, 0.0, 1.0], "fov": 75.0, "aspect": 1.7777777777777777}, {"camera_to_world": [-0.124725758857544, -0.8850682403547367, -0.4484391764696525, -0.01173293815507485, 0.9525277192690975, -0.23332543199163447, 0.19557654974441357, 0.0031999963303443206, -0.27773085730869307, -0.4027573124119382, 0.8721537239485312, 0.1556660822673726, 0.0, 0.0, 0.0, 1.0], "fov": 75.0, "aspect": 1.7777777777777777}, {"camera_to_world": [-0.13261995100064083, -0.8808101696858769, -0.4545166592926213, -0.01352620741180659, 0.9455331445380918, -0.2499685055072164, 0.2085253433863549, 0.009103971165946304, -0.29728609314345, -0.40210594528361054, 0.8659860204362875, 0.1534191681772898, 0.0, 0.0, 0.0, 1.0], "fov": 75.0, "aspect": 1.7777777777777777}, {"camera_to_world": [-0.14071042062441608, -0.8761947998983832, -0.4609590547529493, -0.015486884516369643, 0.9377070294898817, -0.26732959456491956, 0.22190181323057787, 0.015321783566431343, -0.31765721205878894, -0.4010206484718565, 0.8592300827637783, 0.1512568380063466, 0.0, 0.0, 0.0, 1.0], "fov": 75.0, "aspect": 1.7777777777777777}, {"camera_to_world": [-0.14888971397272333, -0.871270416515538, -0.46767479553420666, -0.01757693723636301, 0.9290650836340393, -0.28521240089005995, 0.235567308323129, 0.02179969695419358, -0.3386294781102155, -0.39942677386896497, 0.8519321151778667, 0.14918486623906807, 0.0, 0.0, 0.0, 1.0], "fov": 75.0, "aspect": 1.7777777777777777}, {"camera_to_world": [-0.15705793264451473, -0.866093183237476, -0.47456865018983996, -0.01975833333938577, 0.9196415608145246, -0.30341999956879684, 0.2493906643888183, 0.02848397475162736, -0.35998917402618646, -0.3972642720044768, 0.8441498046986075, 0.14720902735997915, 0.0, 0.0, 0.0, 1.0], "fov": 75.0, "aspect": 1.7777777777777777}, {"camera_to_world": [-0.165123773864445, -0.8607273812957075, -0.48154180959974546, -0.021993040593036965, 0.9094904105513575, -0.32175593310952477, 0.26324952540117186, 0.03532088038112695, -0.3815250089049036, -0.39448890300825057, 0.8359528533257484, 0.1453350958536048, 0.0, 0.0, 0.0, 1.0], "fov": 75.0, "aspect": 1.7777777777777777}, {"camera_to_world": [-0.17300535907622683, -0.8552453611328625, -0.4884920859048023, -0.02424302676491567, 0.8986858637494979, -0.34002540979058393, 0.277031476539334, 0.04225667726508671, -0.4030296068872906, -0.39107300208204643, 0.8274231342032996, 0.1435688462044699, 0.0, 0.0, 0.0, 1.0], "fov": 75.0, "aspect": 1.7777777777777777}, {"camera_to_world": [-0.18063081572305661, -0.8497272267516761, -0.4953141917289757, -0.026470259622620902, 0.8873224736384769, -0.3580365348844071, 0.290634938477914, 0.04923762882590075, -0.4243009971556953, -0.3870057878183115, 0.8186544961140876, 0.14191605289709958, 0.0, 0.0, 0.0, 1.0], "fov": 75.0, "aspect": 1.7777777777777777}, {"camera_to_world": [-0.18793857871069763, -0.8442602771347394, -0.5019000648381863, -0.028636706933751747, 0.8755146428964844, -0.3756015001573255, 0.30396977342066034, 0.05620999848596349, -0.44514402243099255, -0.38229320884883533, 0.8097522471484824, 0.1403824904160186, 0.0, 0.0, 0.0, 1.0], "fov": 75.0, "aspect": 1.7777777777777777}, {"camera_to_world": [-0.19487738129666032, -0.8389382320933664, -0.5081392023757005, -0.0307043364659072, 0.8633956771490957, -0.392537657309565, 0.3169575559505926, 0.06312004966766907, -0.46537158372553283, -0.37695733223532824, 0.8008323537013311, 0.13897393324575208, 0.0, 0.0, 0.0, 1.0], "fov": 75.0, "aspect": 1.7777777777777777}, {"camera_to_world": [-0.20140590962062532, -0.8338602714378656, -0.5139189695734705, -0.03263511598668636, 0.8511164126102368, -0.408668404653341, 0.3295314662116112, 0.06991404579341182, -0.484805643279211, -0.3710352850547538, 0.7920203946168104, 0.1376961558708249, 0.0, 0.0, 0.0, 1.0], "fov": 75.0, "aspect": 1.7777777777777777}, {"camera_to_world": [-0.20749210036591936, -0.8291299161936976, -0.5191248504535028, -0.03439101326368825, 0.838843470790025, -0.42382382314335754, 0.3416357686910033, 0.076538250285586, -0.5032779150714682, -0.3645777681219473, 0.7834503118848928, 0.13655493277576206, 0.0, 0.0, 0.0, 1.0], "fov": 75.0, "aspect": 1.7777777777777777}, {"camera_to_world": [-0.21311206670028726, -0.8248537785011171, -0.5236406125570882, -0.03593399606451196, 0.826757195257038, -0.4378410076054702, 0.35322484645016544, 0.082938926566586, -0.5206301826800369, -0.35764716712348915, 0.7752629984276913, 0.13555603844508848, 0.0, 0.0, 0.0, 1.0], "fov": 75.0, "aspect": 1.7777777777777777}, {"camera_to_world": [-0.21824864330266724, -0.8211402026883011, -0.5273483642010857, -0.0372260321567565, 0.8150493238611599, -0.4505640513300505, 0.36426176758276163, 0.08906233805880596, -0.5367141971012237, -0.3503152910994144, 0.7676047599200524, 0.13470524736332914, 0.0, 0.0, 0.0, 1.0], "fov": 75.0, "aspect": 1.7777777777777777}, {"camera_to_world": [-0.22288954662815696, -0.8180978137425745, -0.5301284911731446, -0.03822908930802093, 0.8039204441969319, -0.4618436567566959, 0.37471636755793253, 0.0948547481846401, -0.5513911219870183, -0.3426607708262263, 0.7606256810880591, 0.13400833401500906, 0.0, 0.0, 0.0, 1.0], "fov": 75.0, "aspect": 1.7777777777777777}, {"camera_to_world": [-0.22702515139071977, -0.8158339810538223, -0.5318594701553149, -0.0389051352859043, 0.7935772701820248, -0.4715363614429918, 0.38456283763196586, 0.10026242036648289, -0.5645305101466761, -0.33476615001367105, 0.7544779174492505, 0.13347107288465307, 0.0, 0.0, 0.0, 1.0], "fov": 75.0, "aspect": 1.7777777777777777}, {"camera_to_world": [-0.230645888490438, -0.8144531949936769, -0.5324175685371849, -0.03921613785800567, 0.784229763381844, -0.4795033866074996, 0.39377681554148863, 0.10523161802672847, -0.5760088127351121, -0.32671470030675126, 0.7493139210337391, 0.13309923845678626, 0.0, 0.0, 0.0, 1.0], "fov": 75.0, "aspect": 1.7777777777777777}, {"camera_to_world": [-0.23373927339584388, -0.8140553418432336, -0.5316764547061298, -0.039124064791924075, 0.776088104247714, -0.48560913509306713, 0.40233198028413447, 0.10970860458777107, -0.585707441063858, -0.3185869870705013, 0.7452845933948773, 0.13289860521593355, 0.0, 0.0, 0.0, 1.0], "fov": 75.0, "aspect": 1.7777777777777777}, {"camera_to_world": [-0.23628657763932837, -0.8147338491099076, -0.5295067594866462, -0.03859088385525857, 0.7693594960503725, -0.4897193865758287, 0.4101961582571347, 0.11363964347200513, -0.593510420350487, -0.31045720723853326, 0.7425373414240115, 0.13287494764661986, 0.0, 0.0, 0.0, 1.0], "fov": 75.0, "aspect": 1.7777777777777777}, {"camera_to_world": [-0.23832261477733663, -0.8166552234801352, -0.5256201834483754, -0.03756047967273129, 0.7642239360873797, -0.49167041960316193, 0.417399058454093, 0.11706550305951166, -0.599303017510179, -0.30221589046551023, 0.7412836493228034, 0.133204737181298, 0.0, 0.0, 0.0, 1.0], "fov": 75.0, "aspect": 1.7777777777777777}, {"camera_to_world": [-0.23992856686402964, -0.8198364263731586, -0.5199062576986946, -0.03603279617377465, 0.7606588927753808, -0.4915175591968475, 0.42403836836176184, 0.12008528001961698, -0.6031851553580414, -0.29373240031168185, 0.7415449719085372, 0.13402672476126806, 0.0, 0.0, 0.0, 1.0], "fov": 75.0, "aspect": 1.7777777777777777}, {"camera_to_world": [-0.2411366197770991, -0.824134349745065, -0.512499467485336, -0.03405389008305329, 0.7585499083696345, -0.48945016058451485, 0.4301634303566624, 0.12273273020858284, -0.6053554056212709, -0.285028268552561, 0.7431713927560961, 0.13529010413432613, 0.0, 0.0, 0.0, 1.0], "fov": 75.0, "aspect": 1.7777777777777777}, {"camera_to_world": [-0.24196694550160258, -0.8294001003216468, -0.5035349748240595, -0.031669818125231765, 0.7577676190421464, -0.4856523482956776, 0.43580962830815223, 0.1250416094826711, -0.6060034924122307, -0.2761109743949623, 0.7460043545468377, 0.13694406904826825, 0.0, 0.0, 0.0, 1.0], "fov": 75.0, "aspect": 1.7777777777777777}, {"camera_to_world": [-0.2424320060642562, -0.8354817861787787, -0.49314998468942217, -0.028926637024974618, 0.758171351872579, -0.4803045310085443, 0.4410031277580322, 0.12704567369814354, -0.6053122530028329, -0.26697891762492965, 0.7498795462662355, 0.1389378132508905, 0.0, 0.0, 0.0, 1.0], "fov": 75.0, "aspect": 1.7777777777777777}, {"camera_to_world": [-0.2425404462853915, -0.8422270282315816, -0.48148495805360453, -0.025870403506946492, 0.7596122483753884, -0.473584832326561, 0.44576522824050496, 0.128778678711262, -0.603459496597551, -0.25762577415006666, 0.7546294431439904, 0.1412205304899889, 0.0, 0.0, 0.0, 1.0], "fov": 75.0, "aspect": 1.7777777777777777}, {"camera_to_world": [-0.24230055367316528, -0.8494852453839883, -0.46868460564070474, -0.02254717429581195, 0.7619359917468693, -0.4656703458331444, 0.4501162888547298, 0.13027438037828826, -0.600619668484468, -0.24804424380852935, 0.7600855655405268, 0.14374141451335948, 0.0, 0.0, 0.0, 1.0], "fov": 75.0, "aspect": 1.7777777777777777}, {"camera_to_world": [-0.24172326818858725, -0.8571097396288634, -0.45489862150766164, -0.019003006116235573, 0.764985191597706, -0.45673815417394503, 0.45407919480857023, 0.13156653455548417, -0.5969652571569388, -0.23822920214600102, 0.7660804977235942, 0.14644965906879834, 0.0, 0.0, 0.0, 1.0], "fov": 75.0, "aspect": 1.7777777777777777}, {"camera_to_world": [-0.24082472816422562, -0.8649595880064816, -0.4402821384297625, -0.015283955692881893, 0.768601458206614, -0.4469660792025658, 0.4576823379648298, 0.13268889709911155, -0.5926679076407747, -0.2281802689934943, 0.7724496851541612, 0.14929445790410156, 0.0, 0.0, 0.0, 1.0], "fov": 75.0, "aspect": 1.7777777777777777}, {"camera_to_world": [-0.2396283421265083, -0.8729013324419699, -0.42499590759292577, -0.011436079750415546, 0.772627179119658, -0.4365331537144217, 0.46096208932377636, 0.13367522386543218, -0.5878992258332216, -0.21790380797309306, 0.779033010042273, 0.15222500476706516, 0.0, 0.0, 0.0, 1.0], "fov": 75.0, "aspect": 1.7777777777777777}, {"camera_to_world": [-0.23816638006933144, -0.8808104463036625, -0.4092062231772793, -0.007505435013501172, 0.776906994791195, -0.4256198251560638, 0.4639647463748032, 0.13455927071070786, -0.582831276485043, -0.20741437297464269, 0.7856761298616314, 0.15519049340548513, 0.0, 0.0, 0.0, 1.0], "fov": 75.0, "aspect": 1.7777777777777777}, {"camera_to_world": [-0.2364810819768668, -0.8885725480867255, -0.39308462785221515, -0.0035380782068032135, 0.7812889572582249, -0.4144079179818234, 0.4667479435201896, 0.13537479349120046, -0.5776367917068701, -0.19673562031476272, 0.7922315523670838, 0.15814011756715765, 0.0, 0.0, 0.0, 1.0], "fov": 75.0, "aspect": 1.7777777777777777}, {"camera_to_world": [-0.2346252859730511, -0.8960843277981654, -0.3768074477190898, 0.0004199339450136785, 0.785625346716347, -0.4030803939937736, 0.4693815192086755, 0.13615554806317176, -0.5724891176073864, -0.18590070858481106, 0.7985594134244373, 0.1610230709998787, 0.0, 0.0, 0.0, 1.0], "fov": 75.0, "aspect": 1.7777777777777777}, {"camera_to_world": [-0.23266258307133636, -0.9032541501214124, -0.36055521453311234, 0.004322544717284871, 0.7897731153232252, -0.3918209589508632, 0.47194783868503287, 0.1369352902828836, -0.567561933846185, -0.17495221180445583, 0.8045279204810157, 0.1637885474514443, 0.0, 0.0, 0.0, 1.0], "fov": 75.0, "aspect": 1.7777777777777777}, {"camera_to_world": [-0.23066700966435905, -0.9100022998661095, -0.34451203881852094, 0.008123697385345824, 0.7935939254702808, -0.3808135688601604, 0.4745415758694474, 0.1377477760065977, -0.563028784441056, -0.1639415749905419, 0.8100134245063149, 0.1663857406696506, 0.0, 0.0, 0.0, 1.0], "fov": 75.0, "aspect": 1.7777777777777777}, {"camera_to_world": [-0.22872229210692085, -0.9162608390583735, -0.3288649995080074, 0.011777335224531971, 0.7969537509204734, -0.3702418905769531, 0.47726896123233453, 0.13862676109057598, -0.5590624580376906, -0.15292814413981737, 0.8149000863558714, 0.16876384440229356, 0.0, 0.0, 0.0, 1.0], "fov": 75.0, "aspect": 1.7777777777777777}, {"camera_to_world": [-0.2269206594652179, -0.9219730507329054, -0.3138036137939293, 0.015237401510178739, 0.7997220133443526, -0.36028876859092085, 0.48024650399528424, 0.13960600139108023, -0.5558342519855405, -0.14197780442553945, 0.8190791093479176, 0.17087205239716927, 0.0, 0.0, 0.0, 1.0], "fov": 75.0, "aspect": 1.7777777777777777}, {"camera_to_world": [-0.22536124022418924, -0.9270924514651653, -0.29951944484611626, 0.018457839517621522, 0.801770233629524, -0.35113574316592155, 0.4835991959639459, 0.14071925276437222, -0.5535131469714827, -0.13116126069700046, 0.8224475179743078, 0.1726595584020738, 0.0, 0.0, 0.0, 1.0], "fov": 75.0, "aspect": 1.7777777777777777}, {"camera_to_world": [-0.22414805604353005, -0.9315813623726522, -0.28620589485861414, 0.02139259252219571, 0.8029701866718636, -0.3429626543883363, 0.48745820027060727, 0.1420002710667138, -0.5522649077101128, -0.1205519928280748, 0.8249064727210719, 0.17407555616480322, 0.0, 0.0, 0.0, 1.0], "fov": 75.0, "aspect": 1.7777777777777777}, {"camera_to_world": [-0.2233876202465339, -0.935409036243825, -0.2740582165051606, 0.0239956037