{
    "fl_x": 1406.8938337803484,
    "fl_y": 1408.1429650747214,
    "cx": 540.4966336116207,
    "cy": 959.905991927359,
    "w": 1080,
    "h": 1920,
    "camera_model": "OPENCV",
    "k1": 0.08163896512233663,
    "k2": -0.11418830835243843,
    "p1": -0.0002594267549828203,
    "p2": 0.00021625277334825867,
    "frames": [
        {
            "file_path": "images/0301.png",
            "transform_matrix": [
                [
                    0.6905570774802967,
                    -0.696913062000986,
                    0.19350221382268773,
                    -0.5523646926818756
                ],
                [
                    0.5562340500844326,
                    0.6827183566870615,
                    0.4738135993924057,
                    -0.06744103104020803
                ],
                [
                    -0.4623143998066037,
                    -0.21956281437194228,
                    0.8591027681695199,
                    1.2898297004117172
                ],
                [
                    0.0,
                    0.0,
                    0.0,
                    1.0
                ]
            ]
        },
        {
            "file_path": "images/0300.png",
            "transform_matrix": [
                [
                    0.6768620494751231,
                    -0.7060837835839506,
                    0.20809482583694544,
                    -0.5151355536208279
                ],
                [
                    0.5643423095418085,
                    0.6792599632875046,
                    0.4691733793979316,
                    -0.07457527312091068
                ],
                [
                    -0.4726261986404831,
                    -0.2001289405219313,
                    0.8582382440349624,
                    1.3025387797249068
                ],
                [
                    0.0,
                    0.0,
                    0.0,
                    1.0
                ]
            ]
        },
        {
            "file_path": "images/0299.png",
            "transform_matrix": [
                [
                    0.5316233428925141,
                    -0.8237522297278054,
                    0.19699970890906746,
                    -0.4145619551740559
                ],
                [
                    0.6560214284213954,
                    0.5475903536015231,
                    0.5194041683453366,
                    -0.15522754271949546
                ],
                [
                    -0.5357354820653007,
                    -0.14689134985092864,
                    0.8315109287286799,
                    1.35870043456995
                ],
                [
                    0.0,
                    0.0,
                    0.0,
                    1.0
                ]
            ]
        },
        {
            "file_path": "images/0298.png",
            "transform_matrix": [
                [
                    0.4904627188927776,
                    -0.8459408368644619,
                    0.20935716348230868,
                    -0.22842837128645002
                ],
                [
                    0.7095634835964372,
                    0.5271206807758092,
                    0.4676146390404561,
                    -0.1731544020304129
                ],
                [
                    -0.5059308096200436,
                    -0.0807953490214712,
                    0.8587817693999482,
                    1.4078164968278386
                ],
                [
                    0.0,
                    0.0,
                    0.0,
                    1.0
                ]
            ]
        },
        {
            "file_path": "images/0297.png",
            "transform_matrix": [
                [
                    0.5247216896579004,
                    -0.8324333128665282,
                    0.1781065075526851,
                    -0.040021868557110915
                ],
                [
                    0.7354332119352396,
                    0.5486558414135937,
                    0.39763646521082385,
                    -0.15400317140847428
                ],
                [
                    -0.42872501581453704,
                    -0.07766303697897928,
                    0.900090725150541,
                    1.422915179125274
                ],
                [
                    0.0,
                    0.0,
                    0.0,
                    1.0
                ]
            ]
        },
        {
            "file_path": "images/0296.png",
            "transform_matrix": [
                [
                    0.46069605504100597,
                    -0.8766485353224669,
                    0.13873172090992084,
                    0.10140047172144297
                ],
                [
                    0.8091244742168318,
                    0.47906622276586847,
                    0.34031329599088334,
                    -0.16986798537071998
                ],
                [
                    -0.36479683399529345,
                    -0.044529762202566193,
                    0.9300217041473781,
                    1.4621835136663197
                ],
                [
                    0.0,
                    0.0,
                    0.0,
                    1.0
                ]
            ]
        },
        {
            "file_path": "images/0295.png",
            "transform_matrix": [
                [
                    0.22825333943104506,
                    -0.9728482574155871,
                    0.038297272514265644,
                    0.1657983372294147
                ],
                [
                    0.9616363538908171,
                    0.23142168993520484,
                    0.1473075839972567,
                    -0.31959760284292144
                ],
                [
                    -0.15217074592099183,
                    0.00320460153368841,
                    0.9883490246946466,
                    1.4427251546398092
                ],
                [
                    0.0,
                    0.0,
                    0.0,
                    1.0
                ]
            ]
        },
        {
            "file_path": "images/0294.png",
            "transform_matrix": [
                [
                    0.1901955229594562,
                    -0.9816927473215201,
                    -0.010247580324386935,
                    0.2556208605572272
                ],
                [
                    0.9807533347768868,
                    0.19046214758475163,
                    -0.04297751343924042,
                    -0.4011551893004954
                ],
                [
                    0.04414248939734546,
                    -0.0018762179324631092,
                    0.9990234834257277,
                    1.3860109750137752
                ],
                [
                    0.0,
                    0.0,
                    0.0,
                    1.0
                ]
            ]
        },
        {
            "file_path": "images/0293.png",
            "transform_matrix": [
                [
                    0.19430599951380306,
                    -0.9632164764059742,
                    -0.1856318887826154,
                    0.3684647602095778
                ],
                [
                    0.9510779039051042,
                    0.2313249379954244,
                    -0.20479158616722182,
                    -0.47971716432405564
                ],
                [
                    0.24019991518819386,
                    -0.13675815383907614,
                    0.9610417306767235,
                    1.365354624939026
                ],
                [
                    0.0,
                    0.0,
                    0.0,
                    1.0
                ]
            ]
        },
        {
            "file_path": "images/0292.png",
            "transform_matrix": [
                [
                    0.0955952759089409,
                    -0.9743726920879854,
                    -0.20361581504663495,
                    0.3730659194494263
                ],
                [
                    0.9574260533851047,
                    0.14597699228341143,
                    -0.24905033632442897,
                    -0.5821030408629807
                ],
                [
                    0.27239107093169523,
                    -0.17113905059074289,
                    0.94684451196571,
                    1.3108365517432417
                ],
                [
                    0.0,
                    0.0,
                    0.0,
                    1.0
                ]
            ]
        },
        {
            "file_path": "images/0291.png",
            "transform_matrix": [
                [
                    0.09490841288871218,
                    -0.9847642610295928,
                    -0.1457111641631681,
                    0.38034609490615295
                ],
                [
                    0.9904444958381258,
                    0.10812318856110893,
                    -0.08561002721258708,
                    -0.7154988484921194
                ],
                [
                    0.10006045086299956,
                    -0.1361937087174693,
                    0.9856161422576614,
                    1.1805288357445132
                ],
                [
                    0.0,
                    0.0,
                    0.0,
                    1.0
                ]
            ]
        },
        {
            "file_path": "images/0290.png",
            "transform_matrix": [
                [
                    0.19839016433972032,
                    -0.9619901379091682,
                    -0.18766011099527322,
                    0.4224328712657446
                ],
                [
                    0.9765369217721305,
                    0.17764346995502758,
                    0.12173100672445408,
                    -0.9559276169173433
                ],
                [
                    -0.08376743465733351,
                    -0.20740726156004452,
                    0.9746616052472225,
                    1.0063075092387135
                ],
                [
                    0.0,
                    0.0,
                    0.0,
                    1.0
                ]
            ]
        },
        {
            "file_path": "images/0289.png",
            "transform_matrix": [
                [
                    0.26063428757637036,
                    -0.9351613797350312,
                    -0.23988114138387465,
                    0.4546672500098702
                ],
                [
                    0.9627031442386826,
                    0.23305813978538192,
                    0.1374283797209718,
                    -0.9733197708841361
                ],
                [
                    -0.07261146061409372,
                    -0.26675287689517047,
                    0.9610257428683364,
                    0.9995042443847488
                ],
                [
                    0.0,
                    0.0,
                    0.0,
                    1.0
                ]
            ]
        },
        {
            "file_path": "images/0288.png",
            "transform_matrix": [
                [
                    0.2561635970014842,
                    -0.9351747987960309,
                    -0.24459825687863007,
                    0.4650421033890044
                ],
                [
                    0.964640871963163,
                    0.23107704008332358,
                    0.126772984836985,
                    -0.9377387377345466
                ],
                [
                    -0.062033859378645397,
                    -0.26842409959452823,
                    0.9613013591207792,
                    1.0246354169419614
                ],
                [
                    0.0,
                    0.0,
                    0.0,
                    1.0
                ]
            ]
        },
        {
            "file_path": "images/0287.png",
            "transform_matrix": [
                [
                    0.2967331033218557,
                    -0.901812802766245,
                    -0.31413871802098925,
                    0.4799836383978502
                ],
                [
                    0.9543360537522229,
                    0.2681416752590135,
                    0.1316918315535334,
                    -0.9008043481776414
                ],
                [
                    -0.03452769760084523,
                    -0.3388712303459522,
                    0.9401989828446983,
                    1.1148192377531227
                ],
                [
                    0.0,
                    0.0,
                    0.0,
                    1.0
                ]
            ]
        },
        {
            "file_path": "images/0286.png",
            "transform_matrix": [
                [
                    0.2699339761245262,
                    -0.8962779105837706,
                    -0.3518828718951725,
                    0.5014114952324081
                ],
                [
                    0.9619167506613143,
                    0.2673445111689174,
                    0.05694802143210302,
                    -0.8784847721398845
                ],
                [
                    0.04303270071448461,
                    -0.3538542346043681,
                    0.9343101023331462,
                    1.1419023666765782
                ],
                [
                    0.0,
                    0.0,
                    0.0,
                    1.0
                ]
            ]
        },
        {
            "file_path": "images/0285.png",
            "transform_matrix": [
                [
                    0.2275623145631062,
                    -0.9032951722099731,
                    -0.3636938614450856,
                    0.5091495861517149
                ],
                [
                    0.969301826122506,
                    0.24583978698814865,
                    -0.004094998070416038,
                    -0.8573340009953627
                ],
                [
                    0.09310941341377305,
                    -0.3515972568092318,
                    0.9315095308894945,
                    1.1511939506577502
                ],
                [
                    0.0,
                    0.0,
                    0.0,
                    1.0
                ]
            ]
        },
        {
            "file_path": "images/0284.png",
            "transform_matrix": [
                [
                    0.18645946827285123,
                    -0.9167739296043058,
                    -0.3532115919520261,
                    0.4996188138337138
                ],
                [
                    0.9730140586614147,
                    0.2220600196112948,
                    -0.06271354987139947,
                    -0.8427403013123534
                ],
                [
                    0.13592832059084206,
                    -0.3319863094889763,
                    0.9334391153006408,
                    1.165088265102625
                ],
                [
                    0.0,
                    0.0,
                    0.0,
                    1.0
                ]
            ]
        },
        {
            "file_path": "images/0283.png",
            "transform_matrix": [
                [
                    0.11827307106501107,
                    -0.9494145587291762,
                    -0.29090114529498595,
                    0.45733457613013945
                ],
                [
                    0.9787200043259966,
                    0.16093192390339298,
                    -0.12731091469655686,
                    -0.8259131855992222
                ],
                [
                    0.1676861168760619,
                    -0.2696533173202885,
                    0.9482449338990383,
                    1.1753233674075056
                ],
                [
                    0.0,
                    0.0,
                    0.0,
                    1.0
                ]
            ]
        },
        {
            "file_path": "images/0282.png",
            "transform_matrix": [
                [
                    0.07992490080960911,
                    -0.9709442132382655,
                    -0.2255645029912717,
                    0.43189205001610576
                ],
                [
                    0.9843170942997682,
                    0.11257783744509703,
                    -0.1358163774566466,
                    -0.8175130166276257
                ],
                [
                    0.15726368970565055,
                    -0.2111718856649971,
                    0.9647147591930241,
                    1.167628620310886
                ],
                [
                    0.0,
                    0.0,
                    0.0,
                    1.0
                ]
            ]
        },
        {
            "file_path": "images/0281.png",
            "transform_matrix": [
                [
                    0.04017571645373224,
                    -0.9891405105595065,
                    -0.1413752530590423,
                    0.4017762439934188
                ],
                [
                    0.9899543699077641,
                    0.05859950150895205,
                    -0.12867184588488623,
                    -0.8141428372264226
                ],
                [
                    0.13555905468817234,
                    -0.13478556596676544,
                    0.981558247838134,
                    1.172595014731147
                ],
                [
                    0.0,
                    0.0,
                    0.0,
                    1.0
                ]
            ]
        },
        {
            "file_path": "images/0280.png",
            "transform_matrix": [
                [
                    0.021074459688314215,
                    -0.9960205087817977,
                    -0.08659684310004699,
                    0.3447961057713016
                ],
                [
                    0.9915606848485109,
                    0.03190500109602103,
                    -0.12565619430738345,
                    -0.8039861965118923
                ],
                [
                    0.12791901895964347,
                    -0.0832178886484837,
                    0.9882871584702955,
                    1.167806843322825
                ],
                [
                    0.0,
                    0.0,
                    0.0,
                    1.0
                ]
            ]
        },
        {
            "file_path": "images/0279.png",
            "transform_matrix": [
                [
                    0.02100051120236915,
                    -0.9987214442209753,
                    -0.04598320761330407,
                    0.27639899770906423
                ],
                [
                    0.9923051815771303,
                    0.026434900591040335,
                    -0.12096124439637758,
                    -0.7887671699401482
                ],
                [
                    0.12202215022043143,
                    -0.043089127212219934,
                    0.9915916104786644,
                    1.1543989558484058
                ],
                [
                    0.0,
                    0.0,
                    0.0,
                    1.0
                ]
            ]
        },
        {
            "file_path": "images/0278.png",
            "transform_matrix": [
                [
                    -0.03377660194597697,
                    -0.9994170661194363,
                    0.00496680080142805,
                    0.15653463804263568
                ],
                [
                    0.9971173738717742,
                    -0.03403588723477722,
                    -0.06781224891712515,
                    -0.7763188734902102
                ],
                [
                    0.06794176833170915,
                    0.0026620160329289162,
                    0.997685736986653,
                    1.1329174422110577
                ],
                [
                    0.0,
                    0.0,
                    0.0,
                    1.0
                ]
            ]
        },
        {
            "file_path": "images/0277.png",
            "transform_matrix": [
                [
                    -0.021033243481896505,
                    -0.9973528832628374,
                    -0.06960480526469556,
                    -0.015321619831135384
                ],
                [
                    0.9996864946121338,
                    -0.020034366283801702,
                    -0.015017877936330156,
                    -0.7894728768370648
                ],
                [
                    0.013583635696502633,
                    -0.06989885846643995,
                    0.9974615954643834,
                    1.1399334643121495
                ],
                [
                    0.0,
                    0.0,
                    0.0,
                    1.0
                ]
            ]
        },
        {
            "file_path": "images/0276.png",
            "transform_matrix": [
                [
                    0.13206501140053406,
                    -0.9711159209560081,
                    -0.1987277052389558,
                    -0.1336709511555097
                ],
                [
                    0.9885430001545332,
                    0.1142494929573694,
                    0.09863969892724991,
                    -0.8037184268329939
                ],
                [
                    -0.07308604250642739,
                    -0.20947773491411567,
                    0.9750782065896049,
                    1.1556766277868353
                ],
                [
                    0.0,
                    0.0,
                    0.0,
                    1.0
                ]
            ]
        },
        {
            "file_path": "images/0275.png",
            "transform_matrix": [
                [
                    0.3042232099256035,
                    -0.9253004107169253,
                    -0.22642302990122595,
                    -0.2969398254167476
                ],
                [
                    0.9431526524408178,
                    0.259180123386998,
                    0.20805945745135063,
                    -0.8612226985269795
                ],
                [
                    -0.1338331526058177,
                    -0.2768479972262573,
                    0.9515481457579528,
                    1.2155427677531603
                ],
                [
                    0.0,
                    0.0,
                    0.0,
                    1.0
                ]
            ]
        },
        {
            "file_path": "images/0274.png",
            "transform_matrix": [
                [
                    0.5203854757616238,
                    -0.8366111405106306,
                    -0.17111620668379213,
                    -0.44933197854433893
                ],
                [
                    0.8155012823349096,
                    0.42744792461024966,
                    0.390187045218711,
                    -0.8833268306588257
                ],
                [
                    -0.2532915614987332,
                    -0.3425931571410791,
                    0.9046951495137141,
                    1.2034619150722186
                ],
                [
                    0.0,
                    0.0,
                    0.0,
                    1.0
                ]
            ]
        },
        {
            "file_path": "images/0273.png",
            "transform_matrix": [
                [
                    0.5745433249062994,
                    -0.7332367201937104,
                    -0.3636810140290318,
                    -0.7662264818390144
                ],
                [
                    0.7860625299515228,
                    0.37052238764030765,
                    0.4947917332206927,
                    -0.8016345576745355
                ],
                [
                    -0.22804750998821685,
                    -0.5701553055237635,
                    0.7892510758759079,
                    1.0649799996558045
                ],
                [
                    0.0,
                    0.0,
                    0.0,
                    1.0
                ]
            ]
        },
        {
            "file_path": "images/0272.png",
            "transform_matrix": [
                [
                    0.5461437726860338,
                    -0.68819255181205,
                    -0.477616992146097,
                    -0.9628961595522392
                ],
                [
                    0.821516430274683,
                    0.3285100413186784,
                    0.46603852581255784,
                    -0.7508183621567913
                ],
                [
                    -0.16382226449725287,
                    -0.6468942451307007,
                    0.744775201837288,
                    1.0148075203734803
                ],
                [
                    0.0,
                    0.0,
                    0.0,
                    1.0
                ]
            ]
        },
        {
            "file_path": "images/0271.png",
            "transform_matrix": [
                [
                    0.6348889021761385,
                    -0.6957726579826636,
                    -0.3358816611506455,
                    -1.1803109161941585
                ],
                [
                    0.7481408903560304,
                    0.44511932289349243,
                    0.49209145142353855,
                    -0.8094874759507784
                ],
                [
                    -0.19287635954378538,
                    -0.5637102063920595,
                    0.8031372940777672,
                    1.108129906702201
                ],
                [
                    0.0,
                    0.0,
                    0.0,
                    1.0
                ]
            ]
        },
        {
            "file_path": "images/0270.png",
            "transform_matrix": [
                [
                    0.7660327211457233,
                    -0.37083425264556247,
                    -0.5250484046246455,
                    -1.279441570266801
                ],
                [
                    0.6358865587879453,
                    0.5566606665169913,
                    0.534581319076606,
                    -0.7211109740600822
                ],
                [
                    0.09403273093398608,
                    -0.7433780057397893,
                    0.6622288019222891,
                    0.9936059312727004
                ],
                [
                    0.0,
                    0.0,
                    0.0,
                    1.0
                ]
            ]
        },
        {
            "file_path": "images/0269.png",
            "transform_matrix": [
                [
                    0.6072831765526212,
                    -0.11845950881388179,
                    -0.7856045368044481,
                    -1.4207550239983378
                ],
                [
                    0.703466411758704,
                    0.5397390456189467,
                    0.46240325492115886,
                    -0.4953616167038598
                ],
                [
                    0.36924538047684696,
                    -0.8334561220639768,
                    0.41110672773695406,
                    0.7971231190264961
                ],
                [
                    0.0,
                    0.0,
                    0.0,
                    1.0
                ]
            ]
        },
        {
            "file_path": "images/0268.png",
            "transform_matrix": [
                [
                    0.4774410857750286,
                    -0.16987061049211857,
                    -0.8620869940470023,
                    -1.5228945399539557
                ],
                [
                    0.7745006764745036,
                    0.5447228569920743,
                    0.32159868036254186,
                    -0.2089167627689871
                ],
                [
                    0.41496832620634816,
                    -0.821231383205383,
                    0.3916379750280545,
                    0.5407875883188766
                ],
                [
                    0.0,
                    0.0,
                    0.0,
                    1.0
                ]
            ]
        },
        {
            "file_path": "images/0267.png",
            "transform_matrix": [
                [
                    0.4899983568895649,
                    -0.038241258452581486,
                    -0.8708841578519438,
                    -1.4892774137548643
                ],
                [
                    0.7175451449274061,
                    0.5849941990305372,
                    0.3780353847085326,
                    -0.02165376886938834
                ],
                [
                    0.4950056315201217,
                    -0.8101354166141504,
                    0.31408602565345434,
                    0.27771383650881487
                ],
                [
                    0.0,
                    0.0,
                    0.0,
                    1.0
                ]
            ]
        },
        {
            "file_path": "images/0266.png",
            "transform_matrix": [
                [
                    0.5380625452175749,
                    0.0009909655199245603,
                    -0.8429043334930267,
                    -1.4418014237292942
                ],
                [
                    0.7514512741335113,
                    0.45245284021823196,
                    0.4802160034625848,
                    -0.008339852361809145
                ],
                [
                    0.38185033722272305,
                    -0.8917877804532832,
                    0.24270326449617294,
                    0.14626188050260217
                ],
                [
                    0.0,
                    0.0,
                    0.0,
                    1.0
                ]
            ]
        },
        {
            "file_path": "images/0265.png",
            "transform_matrix": [
                [
                    0.47468480822490583,
                    0.3795650482312598,
                    -0.7941062315595346,
                    -1.443054271166067
                ],
                [
                    0.7180673880577143,
                    0.35473198368876474,
                    0.5987858097485325,
                    -0.07851374827778554
                ],
                [
                    0.5089730435381191,
                    -0.8544563148045866,
                    -0.1041673991328793,
                    -0.06569516761635452
                ],
                [
                    0.0,
                    0.0,
                    0.0,
                    1.0
                ]
            ]
        },
        {
            "file_path": "images/0264.png",
            "transform_matrix": [
                [
                    0.05292292634094861,
                    0.8962313974988533,
                    -0.44041848962635954,
                    -1.3431143753622095
                ],
                [
                    0.7623334509633571,
                    0.2486153429303717,
                    0.5975266695319233,
                    -0.0979806391493277
                ],
                [
                    0.6450169559087646,
                    -0.3673686069833225,
                    -0.6700697226358796,
                    -0.18479765882102075
                ],
                [
                    0.0,
                    0.0,
                    0.0,
                    1.0
                ]
            ]
        },
        {
            "file_path": "images/0263.png",
            "transform_matrix": [
                [
                    0.10110542511487752,
                    0.8750894575285333,
                    -0.4732822987760651,
                    -1.4037278443048755
                ],
                [
                    0.7925378471436526,
                    0.2167184584658116,
                    0.5700147985843056,
                    -0.14122702477627663
                ],
                [
                    0.6013829510862808,
                    -0.4327257226958192,
                    -0.6716301028543439,
                    -0.1350927293238831
                ],
                [
                    0.0,
                    0.0,
                    0.0,
                    1.0
                ]
            ]
        },
        {
            "file_path": "images/0262.png",
            "transform_matrix": [
                [
                    0.13988828232990327,
                    0.7944340858814057,
                    -0.5910209401168148,
                    -1.4469320373099883
                ],
                [
                    0.8080299090979971,
                    0.2533976442714459,
                    0.531862106077096,
                    -0.17155991002527116
                ],
                [
                    0.5722926999970136,
                    -0.5519638729730925,
                    -0.6064791409955262,
                    -0.08563423149588212
                ],
                [
                    0.0,
                    0.0,
                    0.0,
                    1.0
                ]
            ]
        },
        {
            "file_path": "images/0261.png",
            "transform_matrix": [
                [
                    0.2133995901481075,
                    0.585910344657159,
                    -0.7817734217459359,
                    -1.465865866420766
                ],
                [
                    0.794914462850179,
                    0.36106328771910606,
                    0.48759029831722606,
                    -0.2346441651920713
                ],
                [
                    0.5679538816455357,
                    -0.7254945694388067,
                    -0.3886978492847233,
                    0.07839971311298093
                ],
                [
                    0.0,
                    0.0,
                    0.0,
                    1.0
                ]
            ]
        },
        {
            "file_path": "images/0260.png",
            "transform_matrix": [
                [
                    0.26550606781636155,
                    0.24030752881614192,
                    -0.9336802555195073,
                    -1.4828082767101103
                ],
                [
                    0.8169724124794641,
                    0.45814061378717696,
                    0.35023314412858314,
                    -0.3630655629353997
                ],
                [
                    0.5119205067197229,
                    -0.8557800357527557,
                    -0.07468550868029408,
                    0.24974093572198466
                ],
                [
                    0.0,
                    0.0,
                    0.0,
                    1.0
                ]
            ]
        },
        {
            "file_path": "images/0259.png",
            "transform_matrix": [
                [
                    0.2431826548686471,
                    -0.08997373500698583,
                    -0.9657985935897446,
                    -1.5814668241244711
                ],
                [
                    0.8755768220896387,
                    0.44883023014835416,
                    0.17865232471027193,
                    -0.4864530501543003
                ],
                [
                    0.41740558811597805,
                    -0.8890760099754508,
                    0.18792664392173464,
                    0.5035066622241314
                ],
                [
                    0.0,
                    0.0,
                    0.0,
                    1.0
                ]
            ]
        },
        {
            "file_path": "images/0258.png",
            "transform_matrix": [
                [
                    0.2755357380980834,
                    -0.593237795374339,
                    -0.7564052982165964,
                    -1.5089580504412057
                ],
                [
                    0.8771724283909886,
                    0.4770585926469478,
                    -0.05462261484375509,
                    -0.6341417911631041
                ],
                [
                    0.3932538466453953,
                    -0.6484473897866405,
                    0.651818529022835,
                    0.8395012454085773
                ],
                [
                    0.0,
                    0.0,
                    0.0,
                    1.0
                ]
            ]
        },
        {
            "file_path": "images/0127.png",
            "transform_matrix": [
                [
                    -0.006261500108008282,
                    -0.976388255827726,
                    0.2159323215687924,
                    0.9187219988474984
                ],
                [
                    0.9223516894751375,
                    -0.08905721744059046,
                    -0.3759470347590189,
                    -1.4467324122852427
                ],
                [
                    0.38630060126636745,
                    0.19681154921251537,
                    0.901130989123009,
                    2.0360175422417925
                ],
                [
                    0.0,
                    0.0,
                    0.0,
                    1.0
                ]
            ]
        },
        {
            "file_path": "images/0126.png",
            "transform_matrix": [
                [
                    0.0038546432483951582,
                    -0.9724644847940198,
                    0.23301924285287956,
                    0.9146908231752415
                ],
                [
                    0.9066842470213033,
                    -0.09488844337401729,
                    -0.41099861254932263,
                    -1.4399647790788297
                ],
                [
                    0.4217923872343359,
                    0.2128591297745003,
                    0.8813524680528229,
                    2.0505826721690177
                ],
                [
                    0.0,
                    0.0,
                    0.0,
                    1.0
                ]
            ]
        },
        {
            "file_path": "images/0125.png",
            "transform_matrix": [
                [
                    0.007025573331913858,
                    -0.9731123629638825,
                    0.23022373979719607,
                    0.9154862381863778
                ],
                [
                    0.8769099601550331,
                    -0.10465631623398298,
                    -0.4691225610149556,
                    -1.4388257412240975
                ],
                [
                    0.4806033323857171,
                    0.20518134544636774,
                    0.8525966528086785,
                    2.0711685603057375
                ],
                [
                    0.0,
                    0.0,
                    0.0,
                    1.0
